-22.5D0      25.0D0       14.5D0       8.0D0          
-15.D0       4.0D2        1.5D2        5.5D-15 
-7.0D1       -9.0D1       8.0D1        1.9635D-14    
7.854D-14    3.14D-13     1.40D-13     1.0D3         
1.0D5        1.14D16      5.5D-1       1.80D2             
3.0D0        3.50D02      0.30D0       .011D0                    
0.12D01      1.3D-01      2.22D0           
7.12D-01     8.0D-01      1.0D-02      3.21D-01  
8.90D-01     9.0D-03      4.176D01     4.73958D-02    
5.839996D-02 1.0D-03      9.0D-01      6.39D-01      
3.5D-01      7.8847D-01   8.0D-01      2.4D-01       
4.0D02       2.8125D-01   5.0D0        3.0D-02         
1.3D0        3.14159D0    1.40D-03     2.5D-01        
9.0D-03      3.0D06       8.5D-01      5.0D-01        
.00D0       
