114.656801072523
115.007913165959
115.27371394716
113.432620353494
112.161702237147
112.97417584442
112.21691114071
112.462095630688
113.172894047805
113.842516239979
113.642171791011
112.985771522685
113.103692986653
112.557654001501
111.642262699327
111.723922431996
112.583948041217
112.187272010908
112.191615269533
112.279310326721
111.514486022668
113.47493825694
112.737534537513
112.23420821291
112.902338975137
113.045979563109
112.470191360212
114.033221764772
113.149869125434
112.962818478283
113.87446046121
113.483221689403
113.397339856071
113.818988108644
113.342175914062
113.863896769795
114.305601953678
114.96478920328
116.246215590258
116.408396436003
115.578307776802
116.757257622756
115.035757519124
115.782208846703
115.48541033644
115.721419328371
114.835063932803
114.695933220463
115.170919859922
117.363894638595
115.557367473853
116.230607507943
116.297133621813
115.837924420355
115.168328433696
116.34468817303
117.126266561817
117.463305122991
117.495834468723
117.576553290571
116.270442447346
116.01559339618
115.624477082841
114.8211408038
116.035857396441
114.835830649719
115.358790689102
116.841794044043
116.978446789577
114.893481094139
116.347142089332
115.558707395764
115.604684768014
116.654597673287
116.630344939636
116.190354752399
115.957483277119
116.922131264954
115.999278970455
115.867213113374
117.08344848489
117.088988048396
116.393544538631
117.186309390118
117.397052808734
117.294448266438
115.797603418215
114.516698533449
115.034499781819
113.820808017917
114.736772782516
115.185517424857
115.884251687556
115.772216958033
116.730655200704
117.407170923695
117.113060719035
116.808582088281
116.368174600298
118.046289651664
117.576270916445
117.352908056896
118.126040038504
118.246054878217
119.364845921443
117.906574371766
116.500636305691
117.265154409626
116.480602138383
116.296163288157
117.544787858224
116.77494147306
117.459106175978
116.792199604145
115.797175878497
115.112770593124
115.25452475729
115.035731368822
116.104826358243
116.001848000099
117.926727963837
116.851389944056
117.73061319258
116.961589682175
117.788249052282
118.425664721715
117.85718498761
117.890755970875
117.515991808783
117.296561337621
116.786113061793
116.637270898218
118.467579447488
119.399399269423
119.647204957122
119.449612769745
120.272753177815
119.460528374086
118.01169562173
118.808675980576
118.527960866892
117.246962184385
117.285102024848
116.335072302974
117.823870087675
117.004321113891
117.226222801182
116.577681603281
116.472077866929
116.74436557955
115.926077628379
116.611652337722
116.844932761466
117.577653706994
116.07132098356
114.266961647833
115.058954247388
115.440840673492
115.230807286382
116.058857236507
116.163549198791
115.602494244722
116.744370522976
115.87841908752
116.564090057274
117.042028744376
117.166977736667
117.440985778913
117.48187151656
116.468203658512
115.361357280083
116.283545981712
117.220273523887
118.09775301867
116.924125800817
116.000831940937
116.186473204162
116.91762007638
116.203884288082
116.077509963806
116.382535380488
116.201924078598
116.427239583466
117.231962443611
115.544853500404
116.445032935405
115.013137805268
114.82303919021
115.541704642804
114.296147805981
115.295936761349
115.239370723048
116.007916912651
116.204129290489
114.483312948325
113.969074447439
113.811762463169
115.248070237353
115.844002371781
116.045330068099
115.970308616872
116.142874481524
117.466837983995
115.92906070838
115.839123755618
115.270290343479
115.548345957822
116.743327152268
116.805575449216
116.525686496977
116.047386420664
115.871775583442
115.156908351354
114.209877140738
114.074343955968
113.958318353146
114.901685535499
114.029688202612
114.270531137807
113.137614784297
113.346268695823
114.445173793557
113.479589721965
112.902214552638
114.137302060788
113.735005617238
114.610133859524
114.350624036522
116.445423573325
116.52874091093
116.035797515109
116.436161185325
115.992228086212
115.418802571435
116.291547653779
115.968611265979
117.467783082891
116.96847513938
115.184527296766
115.175413956099
115.703315963353
115.366579339134
114.375541949108
114.705382357185
115.465986676644
115.225256107954
115.034322987289
115.521629065262
115.40258446857
115.540506533153
114.366865025577
115.145406395262
115.141701590086
115.695772611823
115.212594050911
115.715370616954
115.186393753627
115.227208110664
113.971795786566
114.823420076004
114.261119108973
114.183084026128
113.665820912702
113.388891257214
112.179921073582
111.49310388415
111.328687216432
111.404418526987
110.537761761848
111.039160941536
111.157588489149
110.850640707033
110.513084757332
111.818092458185
111.060104937746
111.894890587806
111.946816797208
113.209015042386
112.419887198043
112.554902239774
112.699179830121
110.889581084878
111.55608379521
113.067489478197
113.024850002494
113.028863780926
114.147907708531
114.557389741747
112.923517788416
113.718151507773
112.405025203225
114.109847375933
113.766707905997
113.416932425165
114.056046550434
112.977887260979
112.843179258133
113.354236086271
113.449116008553
113.474692908194
113.964704482974
112.959436543491
113.100357535772
113.070056986663
112.667576761642
113.342006405448
112.735126785703
113.43722431483
113.137233992485
115.381656668303
114.412968132202
114.874137891371
114.980644921096
116.047594170835
116.809582115308
115.608594387287
115.658311108196
117.039838990051
116.740136652293
115.309259913782
115.533085770619
116.977124342662
116.370681406583
114.78250035777
115.826598242549
115.635644028566
116.087503435026
114.516980061467
114.346184664414
113.92963511016
113.875836762434
112.954521037721
111.934369348753
111.769134741625
113.8167765781
113.702247065863
113.521192670494
114.809168812345
115.074798636992
116.433784822446
115.394837094221
115.566115440267
115.402088803771
115.962689156061
115.5327350851
115.959919493845
115.726770291819
116.348400295314
115.341832059737
114.983587424236
115.048687733575
114.793554348177
115.067031721129
114.694099544936
114.931004110934
115.707970279105
115.476258498079
114.985939632121
114.66703872665
114.821298878905
114.834152495353
114.337950728999
113.529400717059
114.467110928555
114.49575780629
114.480310781985
114.017712758839
113.676636901804
114.332203415088
113.78767404226
115.331920412328
115.221673791098
116.099184429217
115.760340752062
115.944293517439
114.569137411188
115.194139961624
113.72880875793
114.457780515708
114.523799115618
114.334710111393
114.113666647387
113.905052806186
113.61377130602
113.645399094764
113.147696681352
112.652574952981
113.903566961671
111.760127091711
112.512539699816
112.71341115219
113.071754909986
114.058500097877
114.182359322167
112.892227230933
112.899708182235
112.799583319724
112.818977111814
113.748605310023
114.152201449457
113.83318947807
113.362969179379
114.067672571364
114.339698430972
115.392448732942
115.480781997703
114.610748220497
115.437482973793
115.261729851811
114.944367630256
116.638050664687
115.196722298746
116.377016245464
116.294060723653
116.093505192691
115.558574762979
116.051428811952
115.207825830837
115.177030511217
115.499448225171
115.796712235014
115.524665707719
115.221698930162
114.510353398391
114.25732480314
114.704695360328
115.440874165825
115.214863272973
114.733991221386
115.49659291391
115.406381184367
115.324921764835
115.265710163949
114.820175643716
115.633991402366
115.301296027307
116.19841170234
115.953847586289
116.535429831397
116.163055867268
114.903320238532
114.840628839177
113.307383751796
114.634455504557
115.596496725124
114.391516461233
114.351594624348
114.545357253153
114.271304881671
115.831399574599
115.367784123347
115.848042542138
114.835226179503
115.34341078608
115.332500633302
116.02613631269
116.334484971396
117.109297083448
116.409805910016
116.863034966833
116.11043484063
115.629479819201
115.611976301941
116.40792808332
117.315334289225
116.249689096847
116.415744308667
115.738288196711
117.176591237169
116.340845309636
115.859463896884
117.507882664312
117.804463086086
119.378543845188
119.735183975281
119.691737654291
118.935278616575
117.664093037921
117.391357492778
116.836898625938
117.894664468447
116.548683099501
115.379890669151
115.121934628706
113.514219373832
114.101158637441
114.610513233622
114.217248451141
114.376749363064
114.694221051963
115.604434234375
115.982305476649
116.375673114475
115.955725346645
116.094422072142
115.575141554783
115.223325700726
114.59596294366
114.42366643864
114.554029065424
114.289848534406
112.7543797076
113.681253969575
113.585195528175
115.18585066251
116.358900018183
117.406472906979
116.093583830949
115.515403463346
115.663967308436
118.042101109863
117.826739361902
117.531427624996
117.651416896895
117.382935689203
118.060632537334
117.748893409547
117.450471374041
117.288528376942
117.979832289734
117.602441667365
117.372898838286
118.079121495215
117.693240972894
118.197664076507
118.581489776084
118.449197739847
118.298631386801
118.141152631684
117.630236532497
118.774533049711
119.153894274994
118.85180826681
120.133369637889
120.677585072759
119.955961053772
118.56931214925
118.152397844131
117.294794863254
117.179274281218
117.695104677256
117.337093241649
116.951872084245
117.280684590292
118.216511194711
118.040257350448
117.204993718066
118.897501653952
116.458237955959
116.815980456302
117.245606124652
116.521431615379
116.561570526886
118.123449982566
116.106735143544
115.971233316299
115.701469459523
116.627663976997
117.707786294857
118.673885885762
117.336680993271
117.443770422728
117.652239014789
116.920869462387
116.868137691432
116.279987333813
117.03091583046
116.02837738348
116.724471790181
116.236489343616
115.883499681144
116.651689138799
116.64889909392
116.650839485668
116.576481856942
117.001946148815
116.683533812649
117.311848641127
116.5425275084
115.542206518068
117.574775051485
117.231730370892
118.884257223564
118.078730371547
118.192238888024
116.688870690117
117.283626747576
118.080645739782
117.086914828317
116.746722362112
116.387105207186
115.598740091666
114.63623972544
114.800372534418
114.128590045858
115.752903668038
114.348280534338
115.732965699395
114.586966409403
113.82981921585
113.243337572635
113.397465889615
113.23077926141
113.598684877918
113.72877045867
113.044382358489
114.223981339682
113.85456448952
113.631866633554
114.528596846877
113.792460284138
113.76534611104
114.08264301297
114.711675600691
114.832390228548
114.789384374178
115.153297583065
114.93023817129
114.911704083291
114.344521997346
113.756420354417
113.737596042621
113.801823477608
115.695738965855
114.599994665946
114.407466231645
113.616289535
114.233115595456
114.312162009981
113.956361882089
113.537161582577
114.338535016106
113.841036046262
113.247552015466
112.594680849939
113.726966327818
113.054334035793
113.768502628268
113.980930390251
113.640163149927
114.496503247094
115.048727580127
113.762266399932
114.960751123243
113.979068844717
113.838033652949
114.62160488579
115.857743483572
116.014907133587
115.668951724512
116.523982179008
115.826772452774
115.948158687598
115.229998388927
115.010538692648
114.426700132081
113.975187527655
114.493312093245
115.161789700492
115.731359257321
116.53777715008
116.077106911135
115.548189770765
114.605837986942
115.696106766745
116.783839115809
117.124719089637
116.651385360066
117.406081696506
114.934727642961
114.482694964984
114.824717318154
115.237657928918
113.992581861802
113.704098463368
114.906921420824
114.223956033428
114.518883612427
114.733743706192
114.681196442635
115.145905982162
115.989360913532
115.900025049177
114.087564123069
114.399531484507
113.658376662158
114.084985949998
113.792132953936
114.088778947538
113.134228709136
114.454132651857
113.695481795943
114.715624678078
115.067029144795
115.006336896752
115.047921920118
114.5429807524
115.250221166084
113.691525900897
112.800314231986
112.29501986931
113.204707208536
113.910430431753
114.038443574951
113.902645999397
113.576447011564
113.691357280546
112.795419245063
113.27498390926
112.599888745222
113.198684338835
115.144544867427
113.971202655485
113.950328965739
114.222350159818
114.822169938041
113.992644744375
112.73792596732
112.997327301301
111.779692238806
112.143784913143
111.966581405678
112.809736968465
112.29034697179
112.195255456555
112.672555233008
112.615128069919
112.709515376034
112.129485457329
110.86098817923
112.726734820275
111.209937825577
111.295450509256
111.423361098976
112.040550568636
111.936534244986
111.559730544107
111.287289705786
110.708238844298
110.431269283292
110.868440264371
111.607758031549
110.977257419388
111.243359087192
112.690293599133
110.120998425206
110.873460221443
111.259585031956
110.591595180022
111.915136970455
110.613307868721
111.619123529636
112.086431701322
111.244516601454
112.128730808091
111.985411938065
110.559406051419
109.968219891888
109.970333229694
108.87070156507
108.329039221825
108.82594918874
109.064999978712
109.067644179944
110.408676747297
110.384663545243
111.206038883937
110.721510107262
109.766822647797
110.142081520426
108.61175126096
107.162228400814
107.13105178864
107.871502723442
108.702717877281
109.054249830596
109.804988793763
109.073925989021
108.996108950478
109.054009962443
109.395342000029
108.768188440801
109.276555353141
109.48311666186
108.870973529467
108.677366114256
110.347481928275
109.825513735155
109.65896750433
109.785810476856
110.101733260207
109.666491296507
110.088477224573
110.573031042108
111.156628205857
111.903486148874
111.318766902939
110.50022345499
109.998728143395
109.885201911073
110.760132627327
111.098710490035
112.743167080406
112.202772816735
110.569803917086
109.794975590789
108.981062637628
108.387342369268
108.49369415451
107.728067343912
106.776504842958
107.496484654983
108.32445155696
108.770609637626
108.245551869032
108.468533024387
110.022575662811
110.23197812819
109.970812117025
110.426592882354
110.090269314538
110.088838560644
110.830980234338
110.930062228799
110.831757298318
110.190091161876
109.868221760204
109.896442919091
109.500761906509
108.410790691839
108.608390793423
110.859599724762
111.130773418796
110.518207331
110.262371736243
108.974819955985
110.109363091259
110.358567344828
110.974463028568
112.289374496892
112.107126598898
111.48024251015
112.084740383312
110.179695797346
110.044347148915
109.443517289003
109.301473861374
110.23940486297
110.841627344068
111.055196705765
111.332445993506
112.742745859827
111.154021623607
111.120440556907
111.463742766642
111.168241179005
111.513281030781
109.817964835202
111.845435098678
113.696434804158
113.468332987051
112.485951987088
112.149646320963
112.624149321034
112.954689737732
112.630749771959
112.540755828214
112.634319041525
112.96405672027
112.254980713187
112.090642572975
111.796293810415
112.742908826635
112.354452647102
113.089008510241
113.207719552631
111.960482575756
111.731766744064
111.458846799596
112.586472127242
111.681880429719
110.295479814206
110.936099350923
110.259312668475
110.766258564834
110.067907018624
109.813096129187
110.065485932548
109.882475962333
109.400364668747
109.944009265232
110.348115855569
109.771348348676
110.404533983154
110.266139848063
110.654127446623
110.415513329334
110.369544233565
110.833276177505
110.799633750373
110.96513415418
111.227885137339
110.881026212015
111.334853563953
112.97787484627
112.024693223429
110.503672397718
110.656346356916
110.233336429003
110.474604402346
110.78775478369
109.933354037479
109.631954727379
108.738461850382
109.416426761585
110.035423049596
109.755036050763
110.596942966014
110.358212512205
109.611973435722
109.941384302933
108.859070460503
110.414648802493
110.441384948632
110.261274435619
110.290635170733
108.602868085351
109.001046254524
110.183587794201
109.87241871462
110.522827830211
110.004035597711
110.044270449707
110.513377207488
110.004603631665
110.760658549306
110.273487809658
109.628456412985
109.098374897995
108.632938371539
109.385514781367
107.634170934795
109.854902348242
108.774404477502
108.630823744417
106.601789030816
109.265968025494
108.392262117354
109.359141665242
109.941219446356
107.916447343215
108.4603474206
108.87123869974
108.961094781911
109.350108960724
108.475216533852
107.823647986975
107.595201043704
108.399367053728
108.59658170071
107.640944029973
108.13872786134
107.995360681772
107.539316400348
108.436502858142
107.860027033987
107.474465145324
107.97496760703
108.469906471886
108.105733242319
107.640963741344
107.806243622114
107.637522047697
107.164665304297
107.229545881425
108.11618552195
106.672350129944
105.938598263904
106.049488308043
105.267554863203
106.097940674051
105.719100678975
105.84642586254
105.574947225738
105.747013869177
105.618820110105
106.704566326867
107.321123735673
106.349504664239
105.397876229916
105.388480808364
106.13225155925
106.292813724381
107.220246733079
106.525280298709
105.770212452401
106.487298763917
106.426399840694
107.585173770984
107.410241731274
107.539905057117
106.011961331362
106.832584737621
107.923312905831
108.557113401163
109.233313411445
107.878035869234
107.898823467128
108.206639090104
108.695440809228
107.071835605103
108.602553532623
107.654679326377
107.624653339666
108.915699000283
107.666286931486
108.293702806684
108.49993260979
107.48897121506
107.866079247285
108.066049330504
108.640255625475
108.370787540094
108.609998757708
107.872628483158
108.347751369598
107.753297655962
108.810365591867
109.91529356723
109.064758825836
107.945320348102
108.25893654231
108.299027785162
107.200982314299
107.443469682671
108.865525363481
108.089623600097
108.355662337818
109.879917344184
109.528018176032
108.966261400806
109.211559699275
108.571547482641
107.697136865601
108.029704490073
108.676985662628
108.910571690075
109.101361173402
109.169561479651
109.484227441667
108.044121995761
108.092676565658
108.284284361491
107.524100882939
108.236968764051
110.13551164093
108.435472501109
108.054298772314
108.168323340735
107.809160298132
108.400399138538
107.91537641073
108.649020140829
108.316387661508
108.803799234588
107.860634390725
108.813684808982
107.159241786879
108.490600355031
108.543794782039
106.966661925752
108.150962293871
106.143402679246
107.654981138614
108.420427040131
108.014043930443
107.377873791475
109.416928103484
108.56801796753
109.004395117258
108.80732657319
108.36747900287
106.059500683804
106.270680955806
106.446868437624
106.589809823433
105.576169181005
105.92850587992
106.919060583918
107.696442649308
107.324352071568
108.730653088467
108.643546240521
108.938886524913
109.495532858375
107.933710737464
107.291939788996
108.211717344168
107.99609236389
108.384348193998
109.79565503518
108.44316724981
108.390903653895
108.269602829827
108.848014133861
107.457442332142
107.860785624219
108.564106950789
108.312682512992
107.809536858315
109.938331036233
109.970940239861
110.706015683534
110.229672777224
110.172378459145
110.373949671049
109.265485396934
110.217431175441
109.825879728479
111.21107647877
110.937179948092
111.677993463689
112.281783768957
111.760068715829
111.695999823453
111.114633988548
110.267520857361
110.434165529423
109.162430176914
109.962604907806
108.958232847235
109.507098081468
109.29760247798
109.916977034974
109.981273846601
109.634897362869
110.855970445375
110.734497128769
110.422459576627
109.915915343036
110.05169024264
110.766659041397
109.45205306047
111.054287703878
110.699507082752
110.962899480494
110.563260738619
109.786922286273
110.39371783943
109.542341993993
109.583747570238
109.870560578264
109.734441825062
109.088531999516
108.944053747526
109.487068273161
108.940282221398
107.624219785582
106.884610926714
107.234533463578
107.33862307258
107.103932178177
108.26667574436
109.547809902788
110.216419872046
110.649103795922
110.070597654225
109.629102614655
109.622310215405
109.628509761936
110.632326065757
110.174377365525
108.998023829278
110.408471593138
109.752684462821
109.078413897687
109.309505602128
108.763559547559
109.130246437347
109.452117612451
110.208321632863
110.008387344073
108.886587897398
108.763517410273
109.605398338399
110.477637452586
110.431207882439
110.374870840974
110.051511419368
110.485923684533
110.634170304962
110.288357074146
110.439805856431
109.9000709465
111.173390583016
111.482807406942
111.488534029216
110.807475865477
110.664246594374
110.689374894875
109.808698214982
110.207325085929
109.965986698365
110.808323438347
110.833540625235
111.0638660813
112.226236277498
112.440934430518
112.809991288848
111.68649189935
111.125756687673
110.286239734336
110.770231350197
110.981175066794
110.754780186574
111.999381257548
112.030238495537
112.07588417598
111.925759369813
113.131938137964
112.693470245107
113.184823245112
114.058933103576
112.879806802339
112.454958812752
112.797533478745
111.716325006423
112.69159523843
112.420178095379
112.324016996411
112.074814178834
111.555508268702
111.489692779314
111.974108265277
112.094943654565
111.581603761755
112.918132105208
112.788797500852
113.615830189468
113.501307930985
113.410541161664
112.903745567376
114.554346174414
114.486707894507
114.2175195867
114.089317018282
114.173581435987
114.502195850812
115.272473774985
115.21163691553
115.459468137574
116.370873161909
114.629836378008
114.712433085545
115.068708697303
115.192221755291
115.541426549191
115.954438701753
115.916118250049
117.351418125006
117.111199005015
115.988099631708
115.154948272011
115.302334492332
116.671483570482
116.347910991792
114.833368530184
114.71665044241
116.702513642462
116.02775954745
115.611970201627
116.345952936873
117.330217059316
116.327254871063
116.52615714236
114.834043836201
115.556521976126
115.10912924313
116.620337796037
115.655884402476
115.44812589278
115.633812380141
115.540822197196
115.072683793668
115.917911059141
114.987091107657
115.418979101447
116.800531174893
116.15065276005
115.173904672348
115.378348819778
113.890414173302
113.773013964479
113.21778549343
114.90921210195
114.669097281821
114.167736903223
115.168032237503
115.437042689594
114.487655581278
113.961186069761
113.905379337642
113.92306990394
114.839689427219
114.757612325629
114.091538147453
114.731480841045
113.277625548272
113.094266746411
113.185144539601
112.552865786398
112.916405823514
113.162939137214
114.196838223495
113.725695120306
113.111604921584
113.844852579348
113.754850445812
114.45983199205
113.869436630446
112.684354272858
114.059717935414
112.626500959586
112.960896432783
111.251082559653
111.838607207833
112.333963262424
111.322131000412
111.512833605645
111.430862572147
110.332292556194
111.09201877471
110.943721234723
110.268813280759
110.121046203024
109.50406747459
109.676070222691
108.499673974842
109.208261027159
109.618866599843
109.841038373801
110.028009890957
110.347583722577
110.497463561436
110.942460376184
111.409033434372
112.075574069191
111.72040251292
110.881961333686
112.71219029789
112.971416739052
111.73828397414
111.373445145724
111.619526475953
110.650867172944
111.916516373869
112.425318642338
112.492860878478
112.096160865074
112.145148050551
111.563894573224
112.267000263673
112.213990440414
111.688020626654
111.451254245743
111.827353860107
112.537940646015
112.74229262573
112.509976810049
111.825900575186
112.103094276259
112.536500311512
113.174242434147
113.055983597111
111.557579975886
111.913204256802
112.031358181104
110.929725858832
111.819696708509
112.855832052987
111.780855250633
111.725995163871
111.292652396184
111.591331412986
111.486482077626
112.496185143673
112.208004237287
111.857259740821
112.527255953618
112.173807310469
112.283781309891
110.86584353596
111.910266216625
110.96337166911
111.022288346797
110.215627394715
111.904372125995
111.586454175792
110.888852500535
111.861204243214
112.071138278903
111.472993381815
112.790932719704
111.334501121021
112.253242765491
112.232950337758
112.029360131621
111.801195931434
112.446305614704
113.430301582076
113.467579172429
112.989392978047
113.689945936153
113.220430436675
113.537803332159
113.150027539935
113.236174965901
114.168489070087
113.992277344183
115.282684184694
115.284072056017
114.862513732644
114.547569967945
114.448575196858
113.657793384885
112.752512762272
114.876660733513
115.44778912149
115.081620212997
113.537997876663
114.501244135031
113.750864374521
113.185786885485
112.793186885984
114.171408255346
113.737278845055
113.196785527537
113.95955298852
113.752947904901
114.212057846463
113.699425861835
114.234182722366
115.739709794741
114.057047606511
113.291112934552
112.760471797166
114.177220908123
114.180962818125
113.521258198049
114.025953587443
114.721742808028
115.553376008715
115.689247735796
114.464359201042
116.638727409491
116.206845115462
115.915917639218
115.659669862363
116.482814278836
116.363291441857
115.952658043132
116.504876213528
116.568358939199
115.590829700244
116.208979176578
116.864727982598
117.007705822987
117.015306448127
116.176247855402
115.615923946747
115.982680718017
115.636667763508
116.94117799688
116.595842870384
116.184831047737
115.793709712401
116.39251462069
115.686744752328
116.911236105679
117.856260488359
116.521838519022
116.672146625152
116.469461300778
115.41824737079
115.546130028778
115.134541822418
115.712926292036
115.060571609894
114.670332246161
115.093754743166
115.405130742549
115.677898958324
115.935702441004
114.631632672508
116.299836123715
115.826365779285
116.18401772826
114.915090863589
115.11830773452
115.240507657544
115.931379681555
115.843220382391
115.810503388174
115.399218870839
114.636351542532
114.768730099524
114.307308082672
114.411380247828
115.522537968908
115.160921197486
117.191567435276
117.425263587397
118.980278093289
118.451978959457
117.434320052256
118.622988548089
117.127743001103
116.6421360475
116.569867910146
118.297051862788
117.905375686042
117.097717262192
115.492102422875
116.716467234508
117.776369538673
117.56210218829
117.106929344455
116.212704688413
115.615479936878
116.456442403381
115.994908337022
115.844868487833
116.468626452255
116.533638100543
116.747796132774
116.230491527495
115.352079039265
116.239288662751
116.725632033793
118.098899159813
117.328361545333
116.634147172708
116.598002498952
117.029785628458
117.506793152262
116.70222587907
116.986466961417
116.509560158237
116.615088297876
116.251655213707
115.925442556097
116.533699807797
116.417435674118
116.514662749081
116.415233176999
117.223385202464
117.43330232216
119.260078037694
118.438612597954
117.650110942308
118.028056599721
117.436570594445
117.339658258008
117.051701136981
117.850389896389
117.473171401738
116.245732363659
117.558475487416
116.277514808292
116.523278576112
117.028487020307
116.765957167814
116.747057117197
116.858541306433
116.517175878924
116.190460831661
116.046124802885
116.428135413374
117.402111925995
116.977677672012
116.029504929677
115.566287084507
116.257810948742
116.978025757338
115.903007442542
116.16764789351
115.413381483874
115.641976905575
115.478695206958
116.292302563089
117.110332483578
116.360670713919
116.862707187184
116.009806111563
115.84098464656
116.475795863065
116.215337074379
115.499953755789
115.675484114833
115.659054604909
115.399030018876
115.266141452302
114.226499262523
113.889462865184
114.667131234163
114.624447873238
114.066412092035
114.327718429176
113.96451374453
114.720438263982
114.06682142413
113.9975662338
114.349934178324
115.171130996733
114.875611138512
114.855400130709
114.726433201372
114.72140298985
114.566195178858
113.905835411556
113.772161173978
114.164115587787
114.529438924585
115.420567550034
114.668121440647
113.644744760145
114.34654224316
114.428659381276
114.620835517948
115.067214391935
114.7644682359
114.95967717868
115.591862977477
115.486956634857
114.631027579473
114.106841839849
113.846274327303
114.162104199384
113.372276548427
113.392020845436
113.880204569372
112.908459742946
112.706706356758
113.827725438435
113.40688798531
113.109432488509
114.440813610578
114.548872953981
113.419190048278
113.632354519375
113.773964506043
114.348241603783
113.407003283197
114.308432475104
113.85922347131
114.798858102742
115.388969675557
116.454178862512
117.485305455822
116.119022565721
115.795987228754
115.802069580817
115.933224095307
115.542514951394
114.816610228274
115.422209645224
116.050165404975
116.312336817254
114.414292765132
114.895017502774
115.363579820937
115.158096591511
114.147252837705
114.961337354319
115.34799974276
115.997903761229
114.363198754788
112.874033886856
112.815819770009
113.488186098836
113.689502443242
112.78769830398
112.756813211964
113.497666320102
112.618704980171
114.088803617292
114.018093578271
113.015781627365
113.687741735785
114.706457390392
113.840230857782
113.923700471043
113.800401652701
113.925122552169
115.115123878405
116.187623745926
115.90094659768
114.489466463815
114.855109948505
116.551321316793
115.383988190702
115.929289051055
116.470769124838
117.013125071237
117.370678563676
115.60022749779
116.101698268899
115.627137026949
116.583110012407
117.021569473792
116.246353041881
117.381979058258
117.161205425104
117.411582415267
117.388685550971
117.692272097682
116.255620112907
116.054671191043
116.882130192749
116.56453029212
116.215274941928
116.790000827306
116.406850794754
116.224799765365
115.069136601812
114.499471206886
113.958430363128
114.672959902407
114.986275993286
115.665616757717
115.756500923198
115.98279035303
115.720310667478
115.955585557799
117.813993694359
116.848671251009
115.884230928491
115.183450120438
114.985904068141
114.847056181971
116.330958625623
115.286005177939
115.414774420481
115.367523317795
116.606474686474
118.780710358318
117.631673741829
117.241521172135
116.093522477124
117.72120654464
117.429073860472
116.764256419136
116.976510582307
115.891827666116
115.155196435293
114.427166704353
116.110171835846
116.280202475089
115.960616251311
116.428113154337
116.040135806151
117.649887068986
118.120330159073
117.661438672484
116.481386842967
116.992146915023
115.459348270601
114.388117529251
114.261396280347
114.515150915624
113.889274233068
115.268809140206
116.008463504086
116.237874601348
116.22604696923
115.052682159328
115.356500539566
115.256617669586
115.642875751917
116.010374128474
115.394521306422
115.305398107173
115.602420913438
116.65265761823
116.034649164254
116.379743043246
115.75596405022
115.062722223995
115.993156418552
114.731559979254
113.017394451846
114.167450606021
112.962218093905
114.015428030216
113.944359467501
114.625928682936
115.082334568951
115.421362526049
115.442078804167
115.509865237445
115.210792153025
114.306367992758
114.107771392661
114.068349347331
113.04690650579
113.14120246675
112.16076991703
113.719996901886
112.965221371242
112.594433759807
112.843562675065
111.981171089339
112.092731791875
112.359417417478
112.013163181326
112.728831201731
112.266171848681
112.521311175276
112.944061479632
112.844085208123
113.498534177977
112.99396037221
113.632064089184
113.127377009695
113.280551016878
113.416945489154
112.522504671547
114.337497028871
113.846484298383
113.057989181213
112.756468491664
112.288010822922
112.740022825127
113.668077688833
113.576532820871
112.840494041182
112.834227120023
112.629614190314
110.500426302818
112.232497296263
111.86182200166
112.097610370133
111.855015415052
111.291740287001
112.077683179535
111.650912450438
112.554262508628
113.473490840528
111.592855412941
112.191043080798
112.318993278606
110.876960516612
111.841398740274
112.400018111336
112.663425225093
113.147446990186
112.378685163484
111.036765303848
111.05934389388
111.919529023122
113.016190959186
112.473282135608
113.37014391704
114.090170183504
112.849450731577
113.275755403393
113.47674145783
114.115987661352
113.689804848079
112.341272442523
112.275819524315
112.250802639051
111.642008365973
112.457156983486
112.503949704234
112.515210258051
113.578648690556
113.59862063056
113.733080558074
113.770805558373
114.304925470556
114.323858470141
114.461947303767
113.934452368632
114.58361688041
113.490463655996
114.692517629645
114.693895257642
114.497810133015
115.072949846851
115.56985984794
113.996015013802
113.654295149313
113.827317197134
115.018435780376
115.745351305571
115.881108576518
116.206332900392
115.712097928945
114.459299796123
114.469002501635
113.876322830165
114.190002942061
113.893736997776
115.514289422128
116.638560824728
116.42307482917
114.755167794191
114.819716411932
115.728115319394
115.491606429423
116.147864927743
117.388732204583
117.077948912911
116.086510972253
116.33756089672
116.471598441242
116.379628650721
117.210465628005
116.341525088072
116.520650903424
115.505285912655
115.90444740776
115.972774378087
114.924561620955
115.441534170027
115.907207452525
117.199661414101
117.626566654695
117.160873136329
116.775257933494
116.148050617891
116.360026719593
115.517725182042
116.98081201402
117.465995244078
117.452080280975
118.153339405905
116.763032045135
117.692769567207
116.638315146703
117.140685315105
115.791363647204
116.023294694518
116.693701233427
117.197453745968
115.561623929853
118.07904209261
116.253784692817
114.719021282029
115.520666471585
115.611777185765
115.113688611122
116.140568759734
117.331339128899
115.574035775336
114.536884938364
115.360128854916
115.12267062178
114.980285950084
115.405132228729
116.091078338334
116.005038474986
116.529649618521
118.05193759616
115.449052225826
114.843921239833
115.704068933352
115.002707619732
115.101635058608
115.264002349138
114.868017849894
115.614755931236
116.348817062857
116.842227168859
117.192143055023
118.227025180729
117.914155425473
117.707537626305
117.281564606427
116.933804186539
116.868866107138
117.30074224972
117.604774583429
117.627323249916
119.408799788755
118.525242736742
118.646754739368
118.912599550277
117.347907596772
118.282314534977
117.589088434643
117.836096360366
119.039051796909
118.440163686692
119.674386344264
118.64372553914
118.460466932519
117.832074047292
118.471420046027
117.823267799136
117.830990734636
117.77975045162
118.121550585315
118.274588936877
118.111091432224
117.155053641683
117.284940803944
117.394424787705
116.678989497215
115.849471654246
116.867788946663
117.493127481069
116.341852073353
116.486377759452
117.286489324712
117.050277211418
117.012464865743
117.323208710203
117.87293537173
116.580531755089
118.236388814542
119.480514534815
119.749762979858
118.485836937051
118.117831751285
118.203093991461
118.097264444197
117.617449381075
117.952387405645
118.396731320466
118.348019410128
118.454971496427
119.0544631365
118.008008636678
117.804089140348
117.541685872944
119.173549983042
119.911789463599
119.427769252303
118.773678592543
119.479142022184
120.030093110313
120.794650186302
120.625736287603
120.741831269905
119.766394127353
120.39518931359
121.356306428026
121.32637928691
119.968364870836
119.286866890433
119.123571538239
120.421784873905
119.479890384245
119.576781402003
119.358211893052
119.136945868191
118.944866059549
119.343799959573
120.338632884968
119.867537624379
119.268876883607
119.493631236569
119.514940356517
118.962977054219
119.484131575067
120.459366144013
119.878998635382
119.176530654588
117.559647695778
118.540694001497
118.199693940535
119.35178595662
119.238457456555
119.37855100858
119.254230478609
117.974952519317
118.959646705349
118.887624252201
118.360358292933
118.815378340733
117.467533522871
117.076757807034
116.062597632669
118.13235198196
117.461605657357
117.411236596423
116.810546074934
117.400393230263
118.36871849164
118.122714083763
117.3921036351
118.343374004675
119.361301043754
119.260325669695
117.692796538286
117.417961916874
118.556793811915
118.773669482651
118.133732643201
118.171534627634
118.560968978238
118.48992192921
119.314678966241
119.150586994673
117.051417616333
117.080462725122
115.791060272156
115.878969221152
116.923236948384
116.72244238132
116.867061418952
117.358088406158
117.367492257104
118.220694553954
116.943229694001
118.088749861985
116.642445805055
115.602265648994
116.359241263833
116.380009894119
117.872968646036
118.150870934386
117.172805536078
117.725954440104
116.852337479383
115.525736553296
116.272462883704
115.117678940205
116.492641798449
115.506878328773
115.442850705565
114.872171422957
116.085585034392
115.699702154936
115.917547055016
116.527782668848
116.039941849427
117.408679570818
117.500355671608
116.949922753402
116.064665191382
116.324083146875
115.792934673299
115.839471802634
116.070704651928
117.864751613912
115.586482640638
116.749164574361
116.914863157709
117.811565845372
117.444890923025
118.086262300415
118.226357977614
118.088570726792
117.990087237229
117.106229774861
117.235571638681
116.908664487732
116.867912141787
117.77728676403
118.686840816833
118.699887025271
118.035199164207
118.977310359206
118.646719232348
117.875481872313
119.03918918311
119.551085159859
119.891190718558
120.235297313007
120.40426094989
120.215818927226
120.061738210304
119.431458983566
119.37979254952
119.055932148384
119.340228807795
119.49820548626
119.691436776869
119.261953104302
119.576460856715
119.430478033192
119.594373308824
119.955077852547
120.1201203219
120.146636256457
118.350805388939
119.625401895682
119.753005401078
119.295024624798
119.195955548292
120.078414444013
119.917525817425
119.465552934233
119.952502734937
120.653429269626
120.413014092813
120.121574427648
121.739355099589
119.536726219648
119.802168987696
118.77025088999
117.67111754969
117.034762422871
118.771705195853
117.556362632793
118.097085018216
117.954426087367
117.542748796791
118.674662393477
118.882967452601
118.924390715204
119.256516895066
120.302521493409
120.692531743095
119.912507883135
119.339937900493
119.46753652289
119.758719245418
119.198478817983
119.485796511682
119.286188926502
119.068118644211
119.890475684538
120.991906710277
121.215518497229
121.189553629788
120.98161785195
121.203018416906
120.038016957896
121.13324684638
120.698166811435
120.468677875425
120.951097230405
119.107951743119
118.816501365968
118.869421345244
117.995202897632
119.735868458086
119.515351146532
120.023440074718
119.451028815685
119.288014067007
119.817924363017
118.903142169933
120.558814465437
120.578134451612
120.478062524483
120.445127538983
121.419964913132
120.326161332826
119.238789543491
118.48114474208
117.981471522454
119.108766925827
117.896870816852
118.220453260229
117.51945832032
117.628107240905
117.271183490009
116.974073426299
116.662511757186
116.806210459415
115.391020647037
116.011758402518
115.512840400629
116.606961221232
117.741483976641
116.734641388521
117.504462769707
118.107413032533
117.024043961324
117.449178547347
116.765912186379
118.214381426179
117.883077524211
117.761520185011
117.654488754998
119.041676774168
117.79255459879
116.931047300096
116.95524267565
117.587751656849
116.755738541987
116.448955700931
116.290642766013
116.381563075876
117.113525999095
116.688523001571
117.734754747622
117.281903711074
118.289191386567
116.685523380413
116.798361957251
117.840553484842
118.397203784011
118.935561507596
118.776514231567
119.925444832659
119.694425556442
118.135658822869
117.932676729708
116.905491655869
117.464195405126
117.735323209286
117.780138459351
116.492838658086
116.50272515846
115.752260951179
115.66322058838
115.922427870296
116.300310514461
116.906697538745
117.262728319986
116.710072957962
117.044034213703
117.985823671943
117.660396671207
118.597931088021
117.878951100425
118.864917434497
118.201157323947
118.277037291921
117.526339258157
116.982045033118
116.521957516683
115.518892282914
114.890373892901
115.300132493812
115.461082771444
116.16834540943
116.329481454419
116.090151214597
116.018970067872
115.556487760301
114.946019110289
114.855846935135
114.404728007782
114.60413022823
114.301510142849
114.444713783823
113.463571916512
114.086948251868
112.985679877336
112.953861238503
113.81430509933
116.08215593902
114.359038232352
113.966143476675
113.141953773924
113.533725861111
113.558313042385
114.046603361913
114.349628242823
114.641832848034
114.028139478591
114.090921965387
113.453554873898
112.243948156488
111.70943994627
112.872582710205
113.364872906346
114.311863787832
113.693987271568
113.319083259878
112.886732540161
113.850980698041
113.24233877415
113.214516287673
113.473191840352
113.218109600434
114.428050541714
114.863454589276
114.404880450114
114.79205171683
115.318976063784
115.178995413034
114.330461433947
115.444747361417
115.891869653847
115.094742675295
113.834551229433
113.308813779642
114.088207397007
114.950854073793
114.09862721461
114.168815629085
113.822794414586
113.692213503004
112.762872162079
113.088931995644
112.797091368264
112.936913147757
113.74695672332
113.719512966849
113.966722804048
115.010054907805
113.947191060558
113.292981722635
114.222073277622
112.908449578202
114.227775930021
113.541784682927
113.077572145318
113.191661734511
112.837473126346
112.792822583281
111.304172302079
111.830189885013
112.656987543737
113.526694860145
113.572170419052
112.266303232638
112.119992925126
110.892725558964
112.274400212424
112.097083559876
112.850662698847
112.532336991164
113.060858404978
112.22275468137
111.797063131681
112.391202284034
111.505178173812
111.651832178097
111.677017237429
112.572759337047
112.439924051364
111.155108022194
110.899345024325
111.024916718696
111.883534379004
111.821129768939
112.620494466968
112.170367263693
111.521180539514
111.81844567863
111.107984171862
111.075681746807
112.450895318622
113.219317170525
114.407811627034
114.003897860431
112.155898575656
112.186659015005
111.362382061391
111.713641030448
111.965991911744
110.251234689171
110.952801530328
110.845532956647
110.095623014662
109.427516293805
109.951454628786
110.095860169978
111.901843460194
111.244251944486
110.851666396098
111.305138274734
109.347428031554
110.620808957415
110.29138086642
109.191303684226
109.253471305157
109.988136889257
110.20153763324
109.328271815571
110.340549265187
110.578815335721
110.633787028428
110.833766648919
112.092108869238
112.302498500124
110.973540939964
111.581448944417
110.812351161849
111.306451198434
111.085469596975
111.194805998987
111.450500038029
110.17310999767
111.703009245629
110.878615694828
110.589049303619
110.713449255771
109.325537670808
109.727514990116
109.505932731304
109.29486532722
109.439800860085
110.026412260599
109.695836093683
109.133059932221
108.940697557514
109.984079762414
110.779673397412
110.064107935212
110.813402937362
111.392182066062
111.308926706225
110.77006077497
111.077466124519
112.498188070834
114.135503313152
112.987927465492
113.013986466963
112.783626543055
112.965359026851
111.4407417982
111.635903248633
111.470748513282
112.110950114639
111.383179944757
111.515329411051
112.325051120816
112.581558824313
110.543046491672
111.344531409849
111.361732893348
112.138931756936
110.912112532511
111.633654423589
112.72550850606
112.022200903735
112.379030129849
110.546997623556
110.383174321764
111.383677881078
111.590726448674
112.090252320349
111.950131685747
112.930440846659
111.552758954689
112.887374569924
112.093761065093
112.575152634576
111.774828767294
111.696927508206
111.730717727876
112.314515033028
113.35436462469
112.460481356699
111.940994049155
113.722645205768
113.780454965118
114.242834740441
114.069075014917
114.693985923523
114.643764283462
115.339372933104
115.424021770628
116.126439954174
116.205715907088
116.19596473146
116.364773247166
116.533495713454
116.496429362818
117.464506954527
117.293967535648
117.462464784213
117.750276607729
118.488573938164
116.963499666146
116.012874692307
116.203975411123
116.461175809139
116.785392251352
116.606321010076
117.898983679021
117.369592256042
117.168484061963
116.922939588061
118.599200525114
118.871899617144
118.001946257725
117.946844310656
118.34243119445
118.619013370291
116.730250173265
117.023183091289
117.1083512329
116.90740198904
117.394593651233
117.332262873252
115.621647035557
116.159160726099
114.6906390584
115.309832480709
115.567288591385
116.58552045009
115.39722000061
115.624568954112
113.926068277268
114.987126910762
115.982148784955
115.937117602531
115.204074794332
114.550434613882
114.805367038041
114.411349182447
116.909216845601
116.696129780568
116.316563988224
115.908046515388
115.638532876419
116.941300273424
116.584798909496
115.881317047362
115.398034915964
116.254794061061
116.81535573927
117.710747315822
117.452509439557
117.770238221027
117.017125028049
117.21702910415
116.782596466621
116.935685308152
116.84032242277
116.153846050334
116.276743564332
115.82655424449
116.616580602982
116.805789137648
116.267231803675
116.229491672126
117.047361867764
117.109655402844
116.483916376806
117.372699091072
115.948548907279
114.707284589104
115.817137993036
115.597799177379
115.471853023301
116.260585108609
114.904734361275
115.164666465422
114.873173043808
115.398567593104
116.28617306907
116.180484292493
115.178794540826
114.557312156101
114.458240949078
115.224128921309
115.324340637239
115.002882822707
114.253402139983
114.509719572799
114.861224153728
114.655149790414
114.378569359873
113.495131525884
114.008457455263
113.809594802118
113.499375797007
114.948138367254
116.083084770619
116.302339152473
114.828796523635
114.91224288192
115.366456677869
115.730991051525
116.311089052048
116.400681705245
116.305613100486
116.032240428599
114.644122769713
114.35206024212
115.285616587915
115.973441718686
115.218838169089
114.42489499186
114.831186412323
115.037503153363
115.424822761678
116.114661717909
116.202749463576
116.812452147771
116.427679641812
116.983262675948
116.643234392786
116.422457108556
114.945155596629
114.637590593303
115.708568457498
115.860832856514
115.964717849236
116.497537309848
115.884199253216
114.87255429046
115.940321330309
116.115363536821
114.959585516537
114.03606230257
114.376110648054
113.785723233039
114.580631614916
115.051345908574
114.144978559831
114.209870174151
113.773938867143
113.673613001401
113.826469441111
113.384624931577
115.692141128115
116.176926799244
117.67649190115
116.24738844615
116.034700679536
115.760187973488
115.202081121619
113.399105151563
114.109744363042
114.281417800291
114.690752147822
115.513915102659
115.513146440628
116.543416810994
115.789545806294
116.458692436384
116.525187338627
116.131585029019
115.385323877763
115.645826097002
117.114454126495
116.957824486195
117.661332539438
117.995919792615
117.386821917418
115.886223310705
117.408120791409
116.219796051823
115.619452806239
115.426926246012
113.940800418043
115.881238106403
115.569604757214
113.820826298803
114.094084968107
114.407906438023
115.292346071971
113.256692190424
114.681513030796
115.449376777733
115.715894866222
116.208138241381
117.209383287162
117.250682855764
115.842050192347
116.472888948605
116.234231591888
116.269006398012
115.863542892002
115.770967809287
115.842716252864
114.667548154286
115.888390290447
114.688300225525
115.441378723167
116.340111500201
116.576153547301
115.742521618343
116.235216225578
116.047928968529
115.395529911186
113.408761850896
113.558269031895
114.878972316608
114.639750407946
115.002178075015
114.452809549312
114.74463265185
114.669354221859
115.063969268609
114.760362308315
113.499917847714
115.131441729944
114.993990905619
116.117238593839
117.016584771855
115.604266627776
115.550971323723
115.561427731022
116.02136957641
116.005701326549
116.256949577891
117.084025978015
116.648789852811
116.84939093228
117.196094440147
116.419738306536
116.467137031304
115.538795759385
114.180961244888
114.972954029228
115.604673491228
116.092197419833
116.702432593504
116.348172033771
116.296984480639
115.957133889637
116.362104256824
117.35978883974
117.699515262295
117.604819716203
119.168300129782
119.804984032951
118.302466724562
119.061574948579
118.668360533725
118.817602562171
118.563841522272
118.032644936751
117.241634148834
115.740078828985
116.811941221747
115.680260165554
116.584837664064
116.425401696592
116.540755893297
116.291693546211
117.223197055271
117.908211962199
118.168993342058
117.849815023794
118.354070312766
117.120441537638
118.243003848485
117.373575295575
117.887647405318
116.975507792539
116.796863418364
116.549145851257
115.991143599585
116.622121920171
116.724540022313
116.666285412175
116.43445984993
116.42433227833
117.160207045858
116.879787828275
117.676956997439
117.814380190592
118.473022533941
116.865994452998
116.658139797586
117.802946303065
116.963794377305
117.50789422689
118.373539773054
116.982449400103
117.525682729559
116.606113605887
115.586289500149
116.356674521279
115.875670711154
115.067234517193
114.920084481593
116.312484542871
115.438747623068
116.34153918758
117.06133959962
116.060258932652
115.676907940259
113.926801205691
114.171635483031
115.134339310286
115.277145798091
114.806156989871
114.475954213663
115.489709003484
114.369402135254
114.328247256318
114.01848276382
113.553582554953
113.162319991704
112.978638855724
112.587010430938
112.943669466775
113.46795819423
113.972281794488
113.010424151828
113.014601566148
113.244780787001
112.527933202786
112.919925035299
112.392704458913
112.303714976492
112.127284467736
111.869352072318
112.129004996525
112.290932150014
112.216053059798
112.108849484849
111.094168778539
111.990589335221
112.166726925471
112.456975900897
111.8684282235
112.023537967999
111.553077042564
110.752368395374
111.682793315694
111.396939217486
111.562533144743
111.373375360696
111.262054477309
111.168026742704
111.930157101702
111.859010873492
112.140340437206
112.410602502548
112.696994390023
113.462929738519
111.956090549132
113.078605183702
111.508302470646
111.194235352818
112.441534322257
111.820434452192
111.656901172566
111.295030801358
112.402875073936
111.490366299307
110.370756917883
111.762183261727
110.70062542245
111.160460802263
110.93827180575
110.574121555906
110.631952541944
111.406102011611
112.225937236327
113.182501505227
113.420980031785
113.842322569203
114.968992881672
113.857025422772
114.264205205175
114.73870545419
114.046975136983
114.03024036973
113.082658802179
113.974796587282
113.460228035246
111.623348634579
112.998741014935
113.696967593689
113.137939757784
112.931980822135
111.660983988529
113.008405022039
113.410158679272
113.040752646806
111.858995968805
111.331057449961
112.835738818687
112.598077069687
113.185671228183
113.703289045467
113.01322385136
112.735818649756
112.957603746547
113.398691697116
111.517238278057
111.488684987708
111.801375459168
111.212665116107
111.407450254262
112.343254807982
113.856457578567
113.749021925383
113.484739418988
114.175972432974
112.626414182631
113.042939353717
113.89221752465
113.510531262238
113.796088541226
112.87001468238
112.689373736973
113.228622963248
112.419299962227
111.745628409342
111.460194803529
110.276700413383
110.85389915717
110.566890880735
110.956611170341
110.748032872803
111.972882607641
111.614302414387
111.122578531854
111.593775777373
111.289289894658
111.147326897724
110.407802663009
109.387305106637
109.616208022081
110.57934350124
110.208259622753
110.09763044562
109.730967370842
109.38920716957
108.924099912937
110.273902439518
110.363157375153
109.874348929514
109.605755592201
108.338610784651
109.833259785462
109.703438330207
109.116184711502
111.094498217948
111.313311622577
111.890494721671
111.321291866237
111.132947637095
110.657012842113
110.736209527843
111.570972479946
112.72088433371
112.811932716745
112.337753021541
111.414730682714
111.537818178591
112.080645579238
110.781632705042
109.790209346344
109.318401297498
110.542482356744
109.819720811092
109.253902681374
110.827929582841
110.558211854178
111.227959426763
111.559000846146
111.981547934084
112.486564272922
112.544971446792
111.828416055463
112.63380321512
112.735932883649
112.304591394554
111.953208269363
112.270431003841
111.719325845789
112.568709348853
111.651242372902
111.864944073419
111.130072651125
110.328158361981
110.397057270411
112.023725086742
111.8894237404
112.274065773996
113.445322214921
112.530427619186
111.749470755364
111.594420841019
111.884997034318
111.773372057244
111.689119063265
112.218181304585
113.693473614887
112.851035667883
112.434703312958
113.088361050869
112.293182293766
113.208561515583
113.534739164806
112.575208737343
112.754729512467
112.310551224647
112.649932678805
112.956164806527
111.868084573842
113.191866095229
114.503584498153
112.701253755887
112.581009601722
112.491592512021
113.312290517836
114.344879872237
113.27282561664
113.898730304133
112.846910691246
112.974561521158
113.355445182282
113.588222719344
113.873737712925
113.725390353532
113.752127328092
114.350979458393
114.68001391758
115.1011465449
113.935315238366
112.832979018113
113.601638329056
113.844874196335
113.856032920387
115.015228728071
115.533884078042
114.160009189435
114.161016372978
113.277719765781
112.926314301826
113.447456203252
113.932486396499
114.033533072118
114.131492660771
116.09997460405
115.303181119434
115.810418742376
115.772993658345
117.049810619928
116.082032724521
116.493780310343
114.739455430952
113.975568368853
113.642005682472
113.69429330116
114.372941616828
114.340526914477
115.347189411119
114.128310740481
113.190043296791
113.577663555706
113.842868962582
114.038432736652
114.228716092826
113.733058626822
113.867251472887
113.101446025007
112.824429947449
113.630419561903
113.328373845286
113.533707254021
113.346176527119
112.550978490965
112.361975298749
112.969074941386
112.967756931694
113.289368917131
112.85146996338
113.577300978806
113.418641208982
113.362748374458
113.05407324915
113.997810511787
113.207167472766
114.562183903401
114.693910636234
114.195945219258
114.000735061285
113.919035694028
114.294264937235
114.78924667844
114.402789859808
115.153169727408
116.443773726705
115.848317132755
116.103620980148
115.411578661081
115.965839604486
114.821403948572
114.12326119606
114.008564385861
115.240105463712
115.059814125194
115.244181422134
115.706399790346
115.644607717717
115.421111629103
115.285492576381
114.892863181023
115.593357147794
116.797608143345
115.821129154991
115.109275748386
115.651403301611
114.192684198545
116.124952964871
115.014725379175
114.494079714929
114.255628351236
113.506150463108
113.909509090316
113.191884121292
114.668959300716
114.286297710187
114.486196526112
113.652584630865
113.589965493297
113.444543548301
112.701402803578
112.939626643333
113.292597206698
113.178221439742
113.637038825165
113.248435181214
113.922070628653
114.820694905545
114.99911363475
115.577476933874
115.06579263351
115.352350636417
114.332640723892
113.974994938271
113.558546276263
113.432643662018
114.086215970093
113.089868807435
114.474054932757
114.944272295399
116.168084467491
115.786711837035
115.918403616933
116.846003481145
116.509289972432
116.131515478707
115.518275197854
115.23642519432
115.908367380508
115.796752710675
115.831137752354
114.72170482067
115.098361758365
116.537859391439
116.733334999876
117.157526730345
116.80770378586
115.369086367647
113.868917521321
114.915776178376
114.222948222206
114.803762511269
115.385662748258
115.707795161016
116.328975150208
116.962173846753
116.388178243294
116.943386411581
118.094558956451
115.348728942837
114.801944384088
115.942183979963
115.511099665738
114.775910102263
115.331961564107
115.47328340388
117.175253290922
116.374801028298
116.677497274815
115.240254147861
114.985040030646
114.409051070642
115.709959953436
115.638605318538
115.218906908651
114.529145781155
115.278869192451
113.894866576186
115.097393873909
115.190724062175
115.101412498969
114.088723920799
112.621357930594
113.411776423392
111.996591582204
112.540119884471
112.751677167587
112.948893761102
113.103737367107
112.693081187285
112.787387176014
112.753238706112
113.489269890483
113.037611575446
112.29441493946
111.636986164043
111.011249833679
112.242940332547
111.736179872284
111.61328571439
111.330464773904
111.227458209542
110.878585192336
111.894553498152
111.550509593182
112.371783076918
111.896243140108
111.811635587226
112.425720283739
113.594212477951
113.998963737049
114.742495716736
114.281140023819
113.614668877589
113.862581169315
112.95390045989
113.879278164108
112.721952331432
113.203386700532
113.086091469675
113.151661977735
114.40223296749
114.5786049812
114.388204356462
115.057373947186
114.978161014594
114.975541036714
115.21125879102
114.686094488486
114.789261317856
114.148629428945
112.781658804779
112.582895911521
112.401151374261
113.361796245204
113.025432709861
113.880335935581
114.330049661524
113.782609720978
113.120326787388
113.009421287434
112.252404373057
113.487836214683
113.739826909695
113.605538954125
115.085937996596
114.846279455102
115.498032457237
114.783896211613
114.423286207404
113.962370001695
112.844448952816
112.807340683716
112.515349176641
112.627044874482
112.469894563941
113.582152247188
112.960111958434
112.557391814549
114.019815544926
113.547896060917
113.63812981234
114.685166180206
114.165899533206
115.277426183564
114.783429806005
115.326909655806
114.007035910293
114.180660272041
114.819238953597
114.151862272251
113.382037363186
113.765751257343
113.928051596924
112.754553104851
112.074465007659
113.314149556102
113.703880192941
113.670402081619
114.006513365199
114.482037921508
114.602576994643
115.339527455154
115.391945654855
113.610984361371
113.636767590233
114.231851144658
113.717257464307
113.019322819684
114.33130623064
114.781933760037
114.188689564222
113.413790962449
114.976608562657
115.179626913365
114.80149350837
113.773286649384
114.686996812187
115.817611386274
115.049056806425
115.189041590425
115.611147787097
113.640739451488
114.398046613921
114.546730892869
114.265521365406
115.788447672133
115.791351301194
116.832510785591
117.733451275886
117.173353677985
115.895940094325
116.801577292721
116.646466062049
116.527273709959
117.953562539442
117.928728014579
117.178503053406
118.631125878765
118.419969085855
118.251779135189
117.702273108952
118.182361661192
115.948021370812
116.229077641651
116.691692775101
116.222878810318
115.206649712421
116.028504093995
115.14207766357
115.132842616553
115.414991596473
115.000746529447
115.869302269942
115.213007527286
116.288883253318
115.655602587068
115.491155102873
114.917785016285
114.571794047978
115.443805486948
114.374476451462
115.924697665642
114.770110678521
114.394509112614
115.258676634035
115.983610381424
117.006343014873
116.895295081082
116.424770899391
115.354342944984
115.614439217932
116.162739642298
116.324160611278
117.623699749827
118.954312677838
118.606715543313
119.11161784897
119.294280094397
118.723255119962
116.852628854461
116.891326725327
115.426942561349
115.488178353022
116.157247616939
116.011663925387
117.10585266749
114.561172178436
115.78360673919
114.685690265807
116.651983463073
116.360343190505
116.286169256675
117.263420712652
116.035657500514
115.03762104162
115.965751217642
117.772215614473
117.973482152512
118.018792124602
118.112214633411
117.627427221422
117.414439595394
117.508581155303
119.213107224088
117.370730838116
117.800824263485
117.941058787901
117.004527811711
117.393533546825
117.500598421651
116.846186978215
116.919563861627
115.992757008752
115.636616983633
116.088904019344
116.548368593544
115.681397927046
114.426419035678
114.445215932091
114.02701130446
114.779067610665
115.429923048109
115.147485373381
114.159762128381
114.271254939691
114.453017131581
114.547922816694
114.477388261074
113.943797044589
116.431725760889
116.003507399723
116.188225820246
116.047164318329
116.986179077916
116.73465570734
116.774534930439
117.827120804845
116.194153544397
116.285254548789
115.787962794598
115.836202218247
115.84010046202
115.607272932511
116.256880074369
115.61037830189
115.013205783333
116.595419402529
117.367167375296
117.856999513637
119.402807221699
120.137901464364
119.064294275453
119.475121344093
119.556628021111
119.21913223842
120.008549419768
120.377114559569
120.778030559743
119.458365506984
119.801271317637
118.63192006039
118.487360451755
118.221588507119
118.368440762465
117.869647988634
119.372869027517
118.142138782895
118.557813108936
119.009779991934
118.432008001016
118.707418865281
118.686636352012
117.342105412869
117.527634138137
119.170193927551
118.02564968324
117.021161928163
117.389992345698
117.057960554217
118.487571205494
117.828454764933
116.645839609378
117.259553777853
116.890377187545
115.478274697688
116.397491799109
116.389824374018
116.464756634582
115.74991381801
116.560778184809
116.445165342624
117.024026970322
116.027540491575
117.723909622314
117.042621136375
117.07024219707
116.447202020238
114.636670370088
117.219435654932
116.934331912537
116.064064954036
116.221358377366
115.977385413282
116.340353847712
115.731747537566
115.412750494605
115.128282629188
114.531436759947
114.152653084864
114.412504348549
115.412103638823
113.951170363434
114.845251511607
116.111698873074
115.360166168032
115.795334313584
115.546478401393
113.593102627506
114.386321040062
113.785997946612
113.545073232064
112.864613293196
113.321585036096
113.954501144482
113.145305763324
113.24722508033
113.03723151284
113.788080220203
114.135541589076
113.855409977182
114.115728862602
113.631344158172
114.047987053521
113.337396721494
114.000412739379
113.673470794389
113.733792439029
114.441410572352
114.327361338511
113.942936322344
114.121580510749
114.321445800784
114.528978276251
114.034477505698
113.425953909831
114.360624831875
113.951336422987
114.205515394897
112.73694879083
113.213974375993
114.449411006733
113.952675075614
113.914700985974
114.566107524003
115.38810370549
115.16315238023
115.953340969262
115.576823193159
114.444898342709
114.399032984583
114.711591649084
114.785847754594
114.742460813237
114.703649249805
115.131467824872
114.921540494407
113.307624419996
113.604149746321
113.356904126941
114.084907048868
113.647245932443
112.428988571826
112.386195781669
112.706889539285
114.13715176553
114.10249289632
114.198009742346
114.595372096542
115.465895544769
116.790106015624
115.905962184052
114.367503162096
114.563082367771
114.469849508002
114.250581999266
113.017954265745
112.306778899287
112.489246385835
111.998387557083
113.49738987164
114.463756110611
115.262594276149
115.490003320354
115.956766559641
116.661930583863
114.940102232313
116.725983403515
116.079899150873
115.376936037163
115.420691088942
115.492596669352
115.135412268282
115.4183326371
114.171376471078
114.289153825466
115.274426119416
114.839824541342
115.071160460035
114.561458352979
114.150409371392
114.123035395201
115.438939312104
115.115468225722
115.652178796671
115.076099388217
115.046309611918
114.030800239609
114.529815334646
115.572282298877
114.856359618663
115.75451639813
115.416123734799
116.289942961396
115.685207337675
116.339970942867
115.381757794416
114.917464661893
114.922827630444
115.684953100455
115.583874768696
115.181201046387
115.34760352023
114.141700069214
114.385970989626
114.883895517841
116.07285240656
115.724268548618
115.414005188813
115.870787486604
116.044794111889
117.216811834911
116.437588012579
117.804679274334
117.385443047979
117.809937536399
117.443611862192
117.078144620737
116.337868530816
115.108187317059
115.752320457962
115.935239637168
117.165420729479
117.069780884215
116.345057756309
116.677363797805
117.830381518737
117.14613747356
116.1794810491
116.440111433747
115.485440264565
116.036841873506
115.291035628128
114.586236711253
114.653848525426
115.088719504274
115.385223518535
114.998084761633
113.683635707541
114.479092814008
115.068130052527
115.724488089791
116.788792415749
117.141049992995
118.077081111472
115.982988835338
114.692245951585
114.061251829744
113.39427241997
114.413006405293
115.64852970028
114.917013953468
115.059133139223
115.683224855572
115.375163389804
115.079061325983
114.252065331013
114.844024986561
115.21545699337
113.890278558043
113.66946202323
114.21826096125
114.186607840048
114.146471008031
114.533417319249
114.160342782019
114.435817864056
114.167269444565
114.502986486066
114.953026999979
114.94065889334
115.554934436197
113.599046831292
114.664567480668
115.051063842893
115.0794147945
114.712225632363
115.547151147794
117.479799058363
117.095501886637
117.620268967476
116.881890140458
115.376291904772
115.920127475286
115.592400145739
115.856433243511
115.774145017464
114.7649346102
115.145346032344
115.457999178277
115.086275921325
115.56158759118
115.916723358692
114.243184441092
114.335533265995
113.311695702035
114.194281809556
114.613167530629
114.185223233115
113.501230168896
114.82453548975
113.793442902073
113.722663125508
114.638484748352
114.144443587716
115.562870023885
114.783442442108
114.761170808214
113.838417912781
114.628066126848
114.127000746934
113.48498162231
112.866992682905
112.95866785099
113.177511674027
113.997554138869
113.286408228702
112.600745132488
113.20306427529
112.892587337478
113.802986664982
113.641948093557
114.431195819592
114.643241714959
114.056923899486
115.490990047976
115.049042996804
114.724383202066
114.588373309845
115.720350355928
115.360675687873
116.030602315029
115.862885285621
116.98820017228
115.664728747295
115.947717957153
116.914727111257
116.955301581994
116.828672687016
116.902200540602
117.948229493495
116.308459524072
116.557523078773
116.941885377694
117.363093423271
118.041052516251
115.296637595208
116.553212682209
116.550596218291
115.744414305706
117.354999716229
117.251352174251
117.559492372246
117.95143572878
116.500349359551
115.536491648091
116.501285438318
117.000823211214
117.263816462992
116.831310121855
117.229163422985
117.155179313926
117.611722443628
117.345905047263
118.123354960836
117.408801985709
116.447576283266
116.850749844488
115.870143331625
115.751455429654
116.347169943276
115.666665095065
116.564972816511
115.960686289268
115.783164351821
115.386136748658
114.649420559532
114.349112513458
114.384574208266
113.621015748667
115.670083411635
117.217579306377
116.052684273506
116.036643945737
115.53622519998
114.810123697731
113.648339810041
115.012391221089
115.189886356517
115.058982918849
115.248388736895
114.152032089574
113.445243470349
113.575632954701
114.46831168743
113.756814783364
113.806909183783
113.663146360985
112.650014132623
113.266947419424
114.060086446498
114.194192525615
113.70028644399
113.64343540678
114.540752146762
113.91051988304
113.800903401215
113.464207798358
111.675067455499
112.00966305896
112.643087562725
112.239515502506
112.580720706914
113.162410805348
113.465494432255
112.472907714162
111.745891032203
113.2685103523
111.940698286599
112.538382845251
112.182958154681
111.016356500553
112.243811129888
111.419115905253
112.276546489604
113.397758912442
112.733383207929
113.146761496744
113.446021862057
112.175893249396
111.37462739532
111.796553344701
113.552020663604
112.694810800942
112.355932343177
111.767997279898
112.57560050536
110.957129288005
111.107477695117
111.103541914721
111.267900829539
109.837795239585
110.714544020295
110.518484826218
112.045997722866
112.408974708319
112.931861818857
112.743233169545
112.777128400426
113.360803587281
113.160989122023
114.769797191311
114.696754944439
114.718966974002
115.061603400305
114.347344227706
114.0140819062
115.509394021708
115.508357398402
114.967253257075
114.754926576951
114.991765414931
114.701163158408
114.04851122663
113.421918818422
113.668257311192
113.743327099663
113.627809222196
114.992835271116
113.579674683643
113.750115977626
113.988838834604
114.168507323861
114.035687570774
114.994521533416
115.045223217198
115.621858423606
115.74205835106
116.127876429731
116.808023826521
116.550791015081
116.408352636928
116.527654012243
116.542805852753
116.029517101514
115.271788573993
115.163787700549
114.570319550574
113.64270548409
114.942508554749
115.331439109434
114.108510239684
114.585157586145
114.433176480035
114.722676867716
115.760567657238
114.646434241232
114.100452514251
113.728319965197
115.11640208961
115.750053618123
114.910391333326
114.828312103289
114.855918278616
114.984291843819
115.556790701492
115.147309760572
114.339051603019
114.799827702475
115.474119889052
114.749423011828
115.000852418971
115.044458828818
113.556749843347
113.516765145908
113.367078335508
114.196827832048
114.110772766426
114.706427454722
114.506467489968
112.830587832808
112.776181389346
112.346347540555
112.501704069654
113.369563305458
113.809278747556
112.442780381759
112.196539548667
113.192864554157
112.298110795877
113.577589532761
113.727696177604
112.813671784267
112.825183815672
113.691523124795
113.181183305818
112.891405849452
112.543405929446
111.620608081583
112.243051604685
112.879626319662
113.463466226509
114.301032039671
113.448243008055
113.830993247138
113.437790179091
113.473759652721
112.857508603322
113.279679631024
113.993401373112
114.15407934444
114.453677265085
115.039414524988
114.537753032526
115.101501125044
114.552850549372
114.636193979601
114.573822564761
114.200243681981
115.125910195452
114.333132237137
114.077146762134
114.186749021263
114.852938099287
113.984736931594
113.958954054695
113.879148415946
114.329369223046
115.137689674825
116.373265925642
116.528359721415
117.057658327969
116.075479372984
116.469075191571
115.947348171523
116.632697378743
115.90913027184
115.744010145344
115.783094926709
116.009475467403
114.819745023313
115.07147558478
114.542728480983
115.424528410153
115.879252137244
114.029872962152
113.659183772491
115.651471941601
116.153394044079
115.875814371096
114.565166997218
114.243850124805
114.424545549487
115.679276746343
114.994984865707
115.375716722551
114.331937279537
115.221226359455
114.333336442226
114.461692592883
114.588627850018
