115.796695025372
115.85495652496
115.842816016364
116.510425107119
117.091937376065
116.110470396948
114.397498076664
113.370737113466
114.802860350447
115.23380988342
113.740298040465
113.689805733998
113.874088291319
114.130310015883
114.121840587111
113.357133838907
114.735849251256
114.052415910202
113.208749379391
111.553648455941
110.944220340459
114.327680446188
113.27135689164
114.84117223092
113.959959386202
115.019250486345
114.148913475633
113.506125954967
114.065757673069
114.203008317697
114.863166714595
114.164005139175
114.795014871872
113.957666198378
114.927429133974
115.408268690074
115.46468504878
114.229306294737
112.783343317752
112.686443751322
113.160752190369
111.755036116308
112.784037448875
114.477622248295
113.6546733955
113.552719211875
112.579698684831
112.834710386179
112.096164247831
113.459065706278
114.09605320451
114.115167259932
113.709391539401
115.371802122701
112.772174455753
113.561409383894
114.264794693543
114.158289546651
115.426211278896
114.256665936442
114.389244730976
115.733602996341
114.446934583814
115.804897386981
113.692821098042
113.814742938491
115.399118395049
115.621889846633
115.359321380803
115.505366761784
114.458170359543
113.13550750935
111.497870623748
112.837420298015
111.046382391151
112.086285739941
110.446772323955
111.586993725249
112.012398872065
112.243081646096
111.902357168332
113.325436503744
113.921457768837
112.405115358599
112.133106406546
112.774101437564
112.384631383588
113.5923683555
112.106380389056
112.921272307621
113.607993733109
113.769091557739
113.870278634735
112.391457880083
114.376967824153
113.886439575486
112.553971147488
111.874203757628
110.803812858899
110.423132383149
111.532182359549
111.279573302366
111.664795319941
112.542465875334
111.728291625059
112.65568882126
112.341233701601
112.079875246596
112.516906942268
112.307083065585
111.785423164102
113.67981618878
113.348598063947
113.248321513728
112.784315851549
111.395937183533
113.075595259007
111.929784551662
112.27994215226
112.398532089728
113.579957585697
113.045199668021
112.212191658922
111.858397376641
112.227228489172
112.101358912879
110.735250440724
112.234989448435
111.664731698241
114.338215566111
113.708464121193
113.265568356184
113.326624266142
113.493742941385
113.950713994798
116.386218458263
113.641933028343
112.854975957849
112.46103059791
113.04468619181
112.694294554021
113.393082609861
111.911150367735
113.434362671622
113.519904099731
113.745210159303
112.391532921202
112.08792384442
112.514344670379
111.819691603225
112.90363052234
112.165302376677
111.551060018318
112.313281871599
111.422237750001
112.680220841467
111.029515455261
110.704670508165
113.103905690397
111.873174371521
111.558589397152
112.025927609144
112.397967902113
115.267130902165
115.863803209274
114.694944313334
115.21047537858
116.325607536626
115.729439859273
113.068000777757
113.274479013128
112.18931183831
113.21398770276
113.116889730602
114.237260700203
112.978536140289
114.339226772482
112.926645776039
114.682752571083
114.523654325583
115.559765242294
113.729889476378
114.820948763125
114.031550643272
112.582275604431
114.280603104297
114.498823126121
114.188309096258
114.404140865503
113.842508744291
112.581135853177
110.871795083704
109.885986469926
110.185725327037
111.338627428304
111.32129737837
111.608638423117
111.235490220572
111.757489733954
112.60579081292
111.697882904653
110.613291008143
111.587507554596
110.980876665585
109.013394685276
109.99652461269
110.841324128142
111.558543262065
111.813595910689
111.639865701751
111.779434706377
113.705519493054
113.236730550697
112.703893223916
114.103748645796
114.862875648271
116.104146183239
116.400546039598
116.403051942338
117.363241991065
116.577878660921
116.030196105369
115.117722143048
116.960286386606
118.815913272599
118.979418615588
117.738948371466
116.357813027256
115.61130351901
115.891613568966
114.627340274553
113.419730371046
112.444256300238
113.510226714483
111.60817608022
112.773454887428
113.346233144403
112.302865655628
111.703685934283
111.543778811894
111.266622447318
112.482367606289
112.305054608615
111.549625691609
112.363474176167
113.354712829412
111.414587499356
113.049958369572
111.855158449082
110.179622183925
110.903106561461
112.284834572874
113.362729458538
112.643280520865
113.352857984047
113.047057909439
112.834400031887
114.028242640444
113.969512717255
114.76717188923
114.918916536126
114.001299898879
114.599257507188
114.275171945744
113.016797799
113.524758975812
113.557142932096
113.064777109099
113.348975697445
112.537992164595
114.705811734116
112.69764097334
111.476676009417
113.053670284151
112.209685875748
111.806577427149
111.453881554916
112.665812697663
112.696769734738
113.181668760567
111.206351154097
109.913474202206
110.806707287121
109.157234586684
111.738012145893
111.84630099456
113.081766606972
110.964752060035
111.886018151874
112.367646597056
113.411590762816
112.735527700441
111.355219300156
110.995872341888
110.79515846201
110.764525520976
110.790261313201
111.238789391097
113.391954878057
112.043388682927
111.456319543517
113.410513033217
115.476790661878
113.945425532146
111.930410079214
112.853668562592
112.132679355027
112.257627508526
112.257023853026
112.661981191331
111.31398828709
111.915333307011
111.574727515373
110.264873147681
110.626260200176
109.83503106868
113.139902577601
112.618328624349
112.368736064176
112.11096520149
112.045364773002
113.317718811132
111.627427455428
111.144761886325
112.460067535965
112.781383525245
112.441055401362
113.804577985073
113.335466712981
114.183161979646
113.859673971916
115.518685718618
115.776494326822
115.968231662883
114.708943370545
114.292410409926
114.739785719128
114.908353888951
113.337939163288
113.92960171159
114.293238704897
112.439249785039
111.741624110145
113.674991894117
112.929442497755
111.924697524524
111.932365654237
113.432791041575
113.650639199204
111.248930467236
111.271647281775
110.039446129606
110.044208902645
108.590279216847
110.023432891001
111.226354930498
111.962037240424
112.769482872619
113.715310091462
112.472705376851
112.033191995855
110.789564874493
109.257066638561
109.035280718996
108.283574770543
108.983827816029
108.919368656427
109.676312369164
108.828171035079
109.5399342953
109.840790030796
108.261753917496
106.836568173098
105.285109058554
105.635914311826
106.378166676854
107.254497009267
106.394776302908
106.413891327842
104.515563542854
107.161978428803
106.300392177185
107.004381544323
105.503184483534
105.580851403383
106.958455151423
105.737583276061
106.670494520751
105.582109123863
106.679223521764
107.230769663463
107.083772763413
108.972719081208
106.959552841736
107.842507531904
109.613152327421
109.478920849068
109.976144135139
109.516360111636
110.344665097924
108.27240703568
107.531382394293
106.877469913999
106.217540186599
109.153432783766
110.492225421394
109.340454939492
109.783540592578
107.993306584878
107.69603700876
107.74455047124
108.291094056252
109.548789356271
109.906055626775
109.661767076918
110.83863643117
110.287387061886
110.862657224053
112.667781768805
110.845024816123
110.630563855385
109.695806824088
108.391749639919
109.901383224956
109.372339898247
107.822264095547
107.343587237827
108.837450212877
109.460131824895
109.463163913568
107.853053273603
107.785260767208
107.151883809683
108.929492294711
108.119224865728
109.17378443029
110.746722186562
111.6215632811
111.734748654224
110.079639053948
112.592226314557
110.662656967444
110.120019855483
110.300833047297
111.116346051295
111.222282997064
110.297153362818
109.477064387986
108.306347975066
108.472516789223
108.524113295899
108.650654761857
108.469937473342
109.212968873453
109.078096449582
108.590693083656
108.55232730963
110.395135634868
110.132938109038
111.109106874522
110.417914532806
109.719242650687
111.296979216201
111.596094892748
110.733192721888
112.173806911373
111.56599072648
111.432127294839
111.351468191104
111.185755925774
111.501350554238
110.001963190497
110.923438960775
108.449869062902
109.133863918979
108.286282345022
109.220174914941
108.317212758235
109.576830349938
108.832679474833
108.13731336783
108.801140922292
108.556073696327
108.240562499744
107.961263561443
109.117090753157
108.565290622208
108.633476974071
108.176598521783
108.263449798365
107.667368367835
108.526459132985
108.829238183045
109.684652516427
109.757744311151
109.989318118548
110.07505869933
111.546756934014
110.976950925691
110.50024081572
110.814960966408
110.337369936189
109.096492714323
108.894252873713
108.652692464766
109.429209770311
109.992459437254
109.70378217591
110.00280970436
109.094096662387
109.260216205329
109.097477888187
109.96451367949
110.739554291179
109.962220345686
108.123339780753
108.751604030093
110.127053857161
111.054439652758
111.360142281437
112.08521948029
110.780667380655
109.631107196689
110.445826258712
110.292845883037
109.179292726022
110.255325362598
111.595293734455
111.505706656624
111.611382144129
111.587733037067
110.782243484969
110.950007400265
111.843322686505
110.488217745632
111.689216998381
112.764605079274
112.28642442259
112.051718223808
113.384212826235
113.448072922037
113.602803404365
113.189589044898
112.279848607264
111.9786490633
112.545691313688
111.561946334636
111.766176271178
111.121298944801
110.033247453583
112.140297235773
112.764597834073
112.285241996061
113.403203443463
113.152593078552
113.480326256662
113.704946998708
113.795430547022
113.624606000723
113.51549174195
112.731238506899
114.063444141071
113.479211186493
113.416923150654
112.324674311276
112.631147379592
114.213542247381
112.734220851438
113.642340131597
112.027076785443
112.917713891555
114.428774024958
114.144561974927
112.818319134086
114.769537029819
113.308991002989
112.783367364326
113.431543782533
113.760450039618
113.578680400363
113.818971163822
114.177674625357
113.858182246911
114.109698780619
113.647183394393
113.188289791655
112.832116281091
113.107300930325
112.158420702721
111.781434357285
111.986592574097
112.531143672397
112.341829644805
112.442814160833
111.879039255057
110.58325322645
110.505119575335
110.305299287699
112.105414539428
112.939417435569
113.169931373856
114.182556442129
113.857460561204
113.113981654638
114.038543680549
113.126008278644
112.443294279667
113.21729910383
112.570379278234
111.683033864024
111.244388250762
110.967292761423
109.940135842218
109.750354886557
110.738497822422
113.003303382244
111.939327025658
112.585740251004
114.22320500028
113.683512551491
113.123915018274
113.342181782215
113.471671655824
112.554769638836
112.851462936736
112.283271073933
111.367909719794
111.861785411994
112.884335970843
113.320854700359
113.132966740971
113.775915728204
114.635764946852
114.116554160332
113.675388443699
114.401755041796
114.178260931678
115.959409837963
114.093946761343
112.731047459942
112.071352245034
112.629492112698
112.702650753743
112.566078064939
113.633073377155
113.294997670734
113.81115556484
115.298409078382
115.962908747186
114.972037282529
117.105060002928
117.378582493804
117.053810485979
115.648424986307
117.436591537005
116.812766950655
116.504374268754
116.425839330676
116.547584605326
118.614708937767
119.266196952562
118.520527280308
119.809402271785
118.812007982948
117.52468414498
117.178161517114
116.653624161512
116.678134326018
116.665612518259
117.514102075145
116.575578737879
117.67115841076
117.092439343241
117.575270274218
119.227992670735
118.765868050282
118.980332416039
117.976229170377
118.224162907559
117.313344305025
117.273869400172
116.621291548878
116.906783794408
116.05718666951
117.16828265036
117.284704682984
115.888931753303
114.232496586123
113.360839510605
113.083225549314
113.618724976543
114.278174589335
113.144082158848
111.778330475623
111.974462313927
110.718091450114
111.205193712989
110.467559962828
111.493666398932
111.043088007562
111.462706289006
110.691354390793
112.847328145609
112.682097583611
112.375427553022
111.152303959437
111.926966100188
110.933293545019
110.165870439107
109.974243088832
109.757528392542
109.565080068134
111.640983929674
112.073968315934
113.265836751854
110.198872375901
110.544008609604
110.692141619421
110.575479660279
112.446786863318
111.612278868836
110.885189381106
111.470819496875
110.260073660041
112.283545187059
113.020793688388
115.029392776404
114.840252208002
114.614758035516
115.587351518719
115.230643686839
114.948494621316
113.851558267328
113.226839546562
113.413137062145
114.150284939776
114.977809772166
114.002951930214
113.582600960133
112.81569030873
111.839304586196
112.573034422479
112.3722180956
113.867260434
113.154863277366
114.074762504994
113.335482751904
113.850664112543
114.966892841406
114.401443778438
114.52423274479
111.764269655255
111.94793053796
112.492258166819
112.709713716751
114.423313457599
114.356724451601
114.137373266736
114.565762188706
113.075672164056
112.876573083826
113.577142445941
113.29125978936
110.96216543776
112.373609338085
111.066435345437
110.262273595076
111.238210303033
111.136955925261
110.553776225249
109.317137969764
109.307533221148
107.577100857358
108.78817351189
109.016586057116
107.966410265531
108.320710618701
111.599086587035
111.241723571668
111.463764119051
112.921809155393
112.825601802577
112.564245436979
112.514686759164
112.747639596879
113.685324940611
113.633972269655
114.584564043919
114.042768836901
114.71389221578
113.862435100074
114.702038557894
113.241648565026
112.980299948914
112.630079988493
114.621654326111
113.185399237143
112.084728067552
112.717059149474
111.567067427217
110.896177447382
111.808237620588
112.162611372113
113.508330431587
113.55988672721
114.797204345082
115.124302790171
116.349157602168
115.845022858817
113.446531748377
113.185402614196
113.187933799861
113.531763876829
113.076667867124
113.753001411378
113.910556184177
115.772500593829
113.930444467227
114.079479022919
113.719984162435
115.076673504935
115.290841537105
115.833285325804
115.378428663947
116.16383879969
117.34598306464
116.074713735293
115.104599322678
115.325414228209
114.624929405317
116.021272071971
115.45022273902
114.312990838196
114.657398590763
113.925436792231
112.704503114537
113.596394503409
113.121980063758
113.735145471473
114.918400825463
114.592825413862
113.89220890538
114.36911879887
115.209402664225
115.381684223916
115.140705991425
114.994059289287
113.949749244064
114.068097990305
114.144152224054
114.813057640521
115.467490568899
115.433047185542
114.471260196767
113.234543012641
113.739568240204
113.651290881868
113.937482926146
111.614391330085
112.918412581538
113.323806847571
113.246698913735
112.922496829084
113.68164296899
113.824781611772
113.051936644441
113.256172745358
112.377108683832
111.913365921287
113.792170053019
111.669926943789
110.921768230505
114.090612382188
113.694274511132
113.956496025244
115.160898737918
112.79207420203
114.926475053753
115.607178992044
114.147858147222
113.993722103928
114.508731930833
113.541245440694
113.102172756761
112.822899032505
112.915174547345
112.415946272536
113.280697228883
113.335236473719
114.714369529025
113.598843357918
114.657985951687
114.948052010769
115.355709186557
114.986125170055
114.803084557272
113.421211323173
114.919626136212
114.506604906876
114.887732069242
115.506117316318
114.997759594487
115.124592144909
114.602079903132
115.842897146497
114.619082307529
116.050530143281
116.751348061077
117.810002684397
117.5073141792
118.61039750936
117.954300079188
117.527594492596
116.961104689707
117.40770083733
116.806069559082
116.752468096093
116.47145261787
116.286032300281
114.20049174017
114.545492418573
113.098683883074
114.017340503579
114.915554043433
114.131616579986
115.025721786418
115.354218869827
115.240842246395
116.95675220579
117.229103249772
116.802970673355
117.331602406897
117.677485441695
119.033267902231
117.014210581691
117.844272363513
117.803336213186
116.715074545004
115.190699176413
114.758143624293
115.052782771385
115.645672151231
116.305466322314
115.824161788702
115.632030915992
116.378165397773
117.049333774611
117.969562385821
115.6279893124
114.754362034001
115.444646195607
116.562321660486
115.427206043858
115.311568321413
114.987373102729
115.101072409535
114.745331410366
115.68247875421
114.006809349637
116.432770742762
114.663934539087
115.936192929926
116.89954634619
116.361539767044
116.44694057217
115.884552986276
116.730263614951
116.835780992541
116.892542869433
117.602579346719
117.199847713808
118.281329404122
117.841627500377
118.355907001914
118.121624853738
118.455531726641
118.374385459423
118.769172198669
118.063905418599
119.223726765758
118.486226625032
118.761446740337
117.430167668931
119.00596656862
119.494951761326
118.814550616063
117.826463926214
117.59539421558
118.087997377034
118.430214971311
118.943727278165
118.127197365506
118.194575902871
117.982758854191
117.370862551942
118.353958417006
118.51763224151
118.001916306299
117.608141826642
117.66025877959
116.980578778558
116.272466799658
116.505269706207
116.244314144281
116.130316015175
116.739384194319
118.449650357656
117.157343318256
119.087624424005
118.696270122976
117.780166490282
118.479151610469
118.664741009322
117.916200721897
118.082238109167
116.589121989942
114.378110857201
115.490906749777
114.626898640523
115.700549566897
116.332239585442
117.251998979546
117.615592312677
118.119922345936
117.521756572199
119.698938606039
119.291087258278
119.347510733022
120.364992823718
118.785437713683
121.84748465703
119.728151524971
121.115000150089
121.93921811472
120.653702050868
118.556088186261
118.03538608078
118.513673730331
119.026221431553
119.228822645842
118.620550937232
118.619364207103
120.416543828257
120.338214215325
119.808505262913
119.714919918701
120.567375074338
119.901617511383
120.657335178317
119.536566195805
118.886022933345
118.244645113557
116.67118630419
118.670912554798
119.72386363539
118.665756339901
119.242530969892
120.436286670567
119.13317866065
118.200675166323
118.018034776633
119.162472781823
119.235772858526
118.922228947118
119.990848242448
118.552557780004
117.660205250792
117.981069427659
118.442849654442
118.694560249098
117.646083614241
117.451897094996
117.372559203892
117.700535108092
117.862400234497
118.056867845802
117.246140276122
117.98881357853
118.942197006325
118.428314470729
118.01928934802
118.567152594765
117.596127195199
119.499189221529
118.272665569129
118.351149768591
117.543141968255
117.282026406732
117.301315672378
118.431004137596
117.787669381549
117.79272447551
117.637764732134
118.876974528484
116.543697431538
117.540707996897
117.589656190755
116.114671357617
116.5386812131
116.597173271011
116.664381104848
117.343543107141
117.228788641856
117.881690617565
119.39413529124
119.537842839788
119.00668229827
118.129908378785
120.044071785037
119.132923517899
120.068227810041
120.531592310442
120.783053754314
120.770287324795
119.87522805498
120.604802035335
120.18846196135
120.076878584175
119.927814642285
119.387431232587
118.23997410706
118.120799663804
119.55150380952
121.281781485668
120.594233072844
120.975964548621
121.07395400832
119.117395460112
119.583775650233
118.652999531018
117.28065302534
117.070056953918
119.11511106546
118.900541423003
117.723006723084
118.685549215241
119.053515175633
118.571027691831
119.142075511005
118.686005968505
117.413291672726
116.481359624951
116.791350945746
116.043204919501
115.893159455609
116.255709376138
116.540871447351
115.031376616328
115.830292028182
115.851586196921
116.615446380353
117.374642710793
115.82013736848
116.743745421744
116.823604472542
118.074257990435
117.892014353498
116.9674786933
115.029918610923
114.58572904951
113.859339082585
114.558916015243
113.421225253235
112.538378131525
113.306639144969
115.473647134001
114.267531108649
112.860739643705
111.068980888476
111.048071527181
112.211754527772
112.221789691208
112.466885003344
113.300749100149
114.706424342544
112.415875288175
112.422136910295
111.971738533979
111.639672897513
109.42999876277
109.023981393848
110.977248141608
111.718802510052
111.765303017799
112.518124053123
111.017372390956
111.237555196705
111.069861164452
112.049401151809
113.460163295117
112.207095397025
113.42750147524
113.231731363924
114.422449877126
115.020450300492
113.674196089866
115.669293566011
113.690910095404
114.092953319653
115.634523770753
113.66928543636
113.570830237874
113.318189670365
113.628713285639
114.227441962783
113.800451820782
114.272568907152
116.332346357008
117.246980953002
118.309419745567
118.085025112308
116.886761841524
117.161356344157
117.606661033206
118.303028341723
118.591283489818
117.542991850211
116.173567304887
115.053130520674
114.90498387262
115.681236493097
117.19249280258
116.67290657957
117.466076548602
115.902163792915
117.422345445178
117.149361775417
118.228851523025
118.423156336966
117.402206957323
116.409743494503
114.296726121398
114.84473087731
114.951710791211
114.724855304866
115.839376211722
115.673708535961
116.337885187919
116.902325884297
116.89328537193
115.816910980333
116.536459567407
115.975255490251
114.587155240858
115.965720419796
118.284743590192
116.79263745531
116.778040800334
117.941972622
115.417906219764
113.914487140332
114.303769820678
115.655497859278
118.911545304702
121.18844708444
120.99508123717
120.854941537622
119.70010736621
117.738616114327
117.948957976025
118.179662376175
118.213071903138
119.792129886736
119.389143317856
120.743348838552
120.919838883202
121.241828242835
119.353653139158
120.268784664133
120.65643976313
119.627132646282
120.020010281708
120.30210993223
120.618448349377
121.053048012574
121.86324468566
121.428980855604
121.69126459477
121.362242806807
122.14206768993
121.117328111014
122.107402722503
120.494794166932
121.506694451723
121.092898835755
121.294837987366
120.769168950553
120.617800731648
120.905927171398
121.633757995803
122.192568952828
122.140279418228
123.092939557252
122.940633332491
123.795281682601
125.134946351008
123.144631406458
121.94428695598
123.347292746873
122.819099627941
123.148058487144
124.452698117295
123.223044691703
122.141266234613
122.362285748569
122.499400061991
122.906753520148
123.181938936128
121.488217043349
121.52398017044
121.363638390119
119.089146682509
118.421101199465
119.771282704327
118.698178391767
119.303537335061
117.630302056104
118.475163434235
119.4960896583
120.497113964447
119.731300425961
118.758013041821
119.793474524274
119.613729889084
119.645969875791
120.841895764161
122.309829671909
120.792677626417
120.274983040817
120.412529652453
121.03551294173
122.148784661681
122.238152142202
121.441057074053
122.363574001501
122.571500349863
122.062912477514
122.509196699071
122.422543055626
124.025975303146
123.127916325391
124.165679479198
124.824831555797
123.694617411808
124.208160356538
124.747897932898
125.921824248472
123.916436846273
123.109771541173
123.368160951516
120.910880343454
119.946337187858
118.705986506156
120.106024921685
119.562063207457
122.82184540739
122.924999539079
123.286258958767
122.691740838139
122.203297533654
122.968064287676
123.845762990757
124.824291043181
125.564228083202
125.968669004138
125.291482224686
124.916217431974
123.79021715289
123.697374573056
124.045547224614
122.462892988319
122.308767951522
122.041856123404
122.268196443001
121.941424687516
121.692604286592
120.478810516957
119.698118481452
118.847725928061
119.686317856365
120.258050482835
118.366610040954
117.782730093499
117.930223283415
118.808581660686
119.050771168947
119.922046465789
118.369410628878
118.033195899854
116.975466840266
117.567044020627
116.943707213692
118.055392819512
116.327045522416
116.910278577512
114.93429319288
114.743385282344
115.220684705488
115.924694011519
116.347038972831
114.605871238901
115.62159040077
116.525505641629
115.613740596369
116.857458530908
116.122104892692
115.40304726902
115.880607902115
116.612121850881
116.95729491079
117.112488363868
117.579232635242
117.058216617523
117.74530265944
118.16032534315
116.345121906775
116.081565259794
117.267923696861
116.741119256423
116.182679389441
116.110096268597
117.176520295422
115.727841271958
116.800230683427
117.483445021762
117.749334669738
116.868049764173
115.814480658275
117.03356909818
117.293592494872
117.262229567623
117.345465508386
117.650078096202
117.84694145309
118.861158758633
119.100849217109
118.820529047876
119.588442553955
121.078209969029
120.606856929991
121.196323301332
119.589811108481
120.761463391534
119.787450652451
119.397015877669
120.076320976223
119.421947238178
117.220945945771
115.772613184428
115.08641561439
116.274731157384
115.905331071508
115.821336265979
114.966105519433
117.258666178224
116.687712329289
115.880179063657
116.36291233187
114.806194574582
114.743010545025
115.164608747103
117.387121644494
117.206776795961
117.301308758119
117.900457480403
118.641559102143
117.689720168589
118.008392506682
116.150410854004
117.000144679279
115.83980971167
115.985874281537
116.343963669315
115.515165859508
117.048437538113
116.283965727881
115.727651597147
116.599536207322
117.804641105604
117.594195934526
116.35096598948
117.582982775428
116.581082661922
114.670604074413
114.251477037156
116.269179377604
118.115582462026
117.740514936517
117.569988434836
115.631656737026
114.230028484712
115.584723084415
115.358535907537
114.702763285842
114.46389409879
114.260168931565
114.398319651968
113.474467935061
114.088061402217
114.493525366208
115.342912335428
114.664010025439
116.355244258295
115.630135606962
116.131119436211
115.493933674877
117.252352093423
116.306527399138
117.190515389383
116.522856538192
117.428567914278
118.206579018626
117.607718944269
117.11746926864
116.532080646081
116.440893951398
116.064907538814
114.308724747401
114.589261720357
115.1544557674
114.458579494719
114.078835582454
113.767716018676
114.035281027854
113.380517448344
112.46667341996
114.511772565857
113.761810175989
114.455303822893
113.214467637995
115.519943956367
115.121333565214
116.175197495593
116.578621837388
116.218389801499
116.379352356711
115.57537705284
115.761656707433
116.580551597389
115.782788492131
115.2520663278
115.188495984954
116.04188492704
114.881218688173
114.041466261078
114.102473078458
114.053351605902
114.924026222031
115.90792557334
114.541614516152
112.831555144749
111.839656349992
111.292369919481
110.61794170495
111.183895034737
111.121292430394
113.068501114869
113.576786982582
113.346723682697
112.077418869169
112.579496663033
113.023786221866
113.45129832087
112.99087400957
112.080813212094
113.970039258742
113.125663712678
113.253688459048
113.968729465912
113.826724804017
113.004224733613
114.829165327754
111.660279156857
112.775348684799
114.366735983268
113.892843367172
113.722375044445
113.107533662197
115.706497994444
116.721334643711
116.036694646567
115.518302884493
114.607583292453
116.282755592537
114.265420158003
113.67875733557
113.536941303794
112.672140644822
111.849169209007
113.05970331623
113.019204190167
112.623310428117
112.568758500838
112.636050141306
111.815658581586
111.948323606976
111.304201738989
112.476663029929
112.922099315632
112.482643503933
112.908928491203
112.018493200162
111.651607235469
111.301646030353
111.809975835433
111.957785150418
109.999282094881
109.640998542402
109.68096805324
109.863488641513
109.637669067342
110.620044387789
111.929901771384
112.661512495161
112.72406341294
113.601578739844
114.409546427461
114.496537046348
116.145148028465
115.175006762383
115.287569819825
114.57418977516
113.91218069924
113.044646404516
112.559897018887
111.572635712923
111.741735919163
111.312637144854
113.212914989715
113.483533262686
111.364386680766
113.010219845169
112.326063862465
110.881492791441
111.907190880631
113.186953078122
113.215065008468
113.478854367123
112.522792482231
112.533628519467
112.526176807548
112.36687905059
113.20451003661
112.283296991119
112.138749937013
111.84573254498
112.458076627781
113.698176054075
115.152058480647
116.656340229914
114.852934500561
114.062690326067
116.102922285886
115.933905010113
115.060571209712
116.441127162188
114.438496375296
114.204263367945
113.419418882524
114.834992309606
116.588490985216
116.735008770577
117.801684467636
118.745411224998
118.726648861977
117.684923817553
118.436977327062
118.359987898496
116.927769089664
116.482702335694
118.096496103004
116.53323741078
117.000549555994
116.147782583869
116.859529751164
115.747650070406
114.704885147865
115.327200426932
114.52468730655
116.13250272037
116.416125518782
115.873708067665
115.542382193828
113.626878720658
114.186898704571
116.580079348218
116.404806792213
115.156186169469
115.673430672882
116.352975261125
114.814425979617
115.622993854633
116.989176783157
116.813390329855
116.30308925632
115.263636536967
115.571290239504
114.607062577677
114.574870049793
114.361159191206
114.524738113989
115.105659678567
114.628181778549
114.819039866557
113.141404203674
114.646338547022
113.57580527257
113.587738586893
113.961886694303
114.922197925352
113.937828375637
114.148053923923
113.625478343191
112.74583883428
113.103483263602
113.115811846662
113.237429769862
112.320135239207
112.170348347901
112.81240712876
113.579922980289
113.20182349665
115.269344534323
113.755116704444
112.538140011536
114.566936360261
113.338490564323
113.33113663183
112.454920107651
111.613177006799
111.30284068073
111.559383026168
111.367327179819
112.517237362339
112.022731776499
113.439957567214
112.355863326645
110.965664476031
111.757986450821
113.202382850869
112.708513444663
113.957470599261
113.389564735833
112.720599524378
111.631360472973
113.093616205534
111.658642399454
111.678273861923
111.126905426941
110.688783402431
110.780182194609
111.189657589993
111.544288471531
110.736855481284
111.371151576527
111.935285354546
111.721280397316
111.543185670528
110.436430349661
111.140089700467
112.870677565149
113.248776038793
112.832319326887
113.330626555181
113.313773832902
113.754744888708
113.656855240558
113.537134837276
115.054854902012
114.694461250452
115.108337104179
115.584244384555
116.547496652331
115.849091047929
116.269354736013
116.013404238516
115.337785636453
115.23742298736
115.817594887002
114.861055195735
116.5467648347
117.99584533665
116.574996574163
116.130121084483
116.56956098024
116.782597319471
117.949289919805
117.37494631291
118.760351958648
117.341274019738
117.38039468953
117.582527435582
116.4275712233
116.636058847378
116.359427372796
117.262791051856
117.567076504993
119.167706098718
119.528970591599
119.085505107548
116.864240019558
117.063554828028
116.37392221349
118.978889165836
118.4580152098
118.592988856837
118.742787163496
118.380474499778
116.438980417218
118.93801855802
118.82456158371
117.759346880979
117.606277496169
119.239520610819
118.943811977774
118.897351332308
118.377272305207
116.829601983453
116.484564305491
115.911327042842
116.329883524346
116.607425987711
116.456075185211
117.269384965068
116.762310687233
117.046243654723
116.125259463396
115.362279320294
115.413339617697
116.456623357911
116.535005560801
116.76965562324
115.963156147151
115.437357317966
116.252543889871
116.638230140155
115.191449117786
114.019630910364
115.562511069601
115.470457594999
115.346708545138
115.805685652866
115.641452824121
115.881725448707
116.308880159544
114.55766585942
114.970894534099
115.066389362537
115.557141850899
115.807408240895
114.481146894264
114.933315567643
114.013913140884
113.990309916053
114.333744235235
115.384442560234
115.661131238584
115.76318075371
114.21296001033
114.664342814577
115.920783379517
113.535906459849
114.500422728148
112.085711278976
112.50999760547
113.278757831888
111.668225901036
112.997771722003
113.245653105482
114.239567170252
114.52370242367
113.90646355946
114.303889773194
114.220074646575
112.324957466362
113.184709679966
113.623837673846
114.037506572572
114.062751670861
113.902030991933
111.241370235671
113.543442682781
112.475040367803
112.022096870638
113.175136270275
112.534441952099
111.713804866946
112.719609043764
112.454865257518
111.449931660713
113.479617319593
112.890316629038
112.150645993667
111.032859668102
111.181219762687
113.028127142913
113.393558283466
112.155750665042
112.17667019923
113.174931906752
114.570627537782
113.981642355425
113.040002582686
113.482454901265
112.309622039182
113.491724380185
112.414219551759
112.028789416304
110.297909945243
110.011135027153
110.80622853684
112.200092544267
113.132453930575
111.214589796005
111.219373691836
111.44098498616
111.549228048968
111.857132904858
112.048140995748
111.515339493195
111.439552247538
110.890796575998
110.47792748463
111.729426601349
110.423254304285
110.412661763422
109.483226456593
110.594309986649
109.549521405279
108.237389144733
107.60290647995
108.806518561698
111.124252019256
110.135434563693
111.052438774175
112.49772674396
113.245040515564
114.371931351011
113.135676980909
114.074062324478
113.445968986857
111.853885419067
111.819836738286
112.356400240022
114.166618007879
114.566053284224
114.397063451296
115.125749933501
114.200990925728
112.839752631224
112.439083332011
111.511632140559
112.913499983997
112.675820412594
111.523925819314
111.668896750415
111.019261397083
111.043891965946
112.712801718238
113.949014012991
112.749845185098
112.425710516138
112.948507979576
112.979676359455
112.415821014095
113.559665253785
111.902071932514
114.763481154747
113.808411282
114.112936014051
113.227362482895
112.314470927219
113.744037786381
113.573927112301
113.738410902933
113.770096835264
114.390840235378
115.901815919148
115.996037509895
116.271238061247
117.116559934484
117.471536930837
115.813121095653
115.601726781763
113.982919708473
114.966716811987
116.822035084154
117.867608728329
118.152546748676
116.68178560733
115.932825287627
116.226344818755
116.035094275409
116.891155495704
117.936025758747
117.204540087158
116.989829137303
117.991577749642
118.09787046189
116.104951588965
115.584580361328
115.100158750461
114.061293088273
114.350859610128
114.718947971881
116.202053433184
116.59281899503
117.471898351892
116.284893737972
116.631310272555
118.14074262085
116.973621900092
117.610771635769
118.629144444096
117.111242232192
117.668352328022
116.587774591667
116.265767386467
115.747183827141
115.467210977873
115.373950504788
114.710355570326
114.392503095304
115.198162979214
116.87377678411
114.914502211459
114.936926426263
115.441761951606
115.907571305578
116.740979996775
116.577372200754
114.689946176646
115.761606469449
116.600757840885
115.802343588614
115.54905039285
115.059705879525
115.086136396471
114.269640358682
115.773966345262
114.36590145014
114.280685249612
115.818112455677
115.94420635983
115.413443207485
115.023074462507
115.529718236594
116.368372384476
116.823973209919
118.267708540348
116.655948799432
116.502625420835
114.471406867055
115.403407799795
116.192695731427
116.116623387761
114.361927727276
112.731427400305
115.265541408787
113.800831207686
115.068870885812
114.776774974577
114.739613996033
114.178202563303
114.946046330016
114.717967058506
113.691845646316
113.698075532478
113.893697247037
113.875696038201
114.432996894721
114.782767855838
112.167003542993
112.047315418225
112.396014621987
113.126075190714
113.839828826544
114.259820020112
113.726294872289
115.236636728646
114.059619514961
112.691104520297
113.541133714809
114.545692881386
115.301901656648
115.503123336237
116.117330492823
115.91958299624
117.284871927264
118.09393935742
117.580993164117
118.055979072898
118.757994065365
119.734583558449
118.925122539195
119.887286709004
120.421948932859
120.806710877826
121.424283175346
120.666013955928
120.964194460466
121.644201727623
120.648682155007
119.185462353801
120.017170035778
120.010175369912
120.27807197702
120.014554124816
119.02052470843
119.617909881111
120.401444988613
120.347164487883
119.884715015081
119.751295132718
119.439072445072
118.039235681999
118.632451609382
119.704100936868
119.469005678593
118.7689248409
119.500344769269
120.515762564537
120.546331505887
120.726737352078
120.641291217887
119.833088408319
119.974492449914
121.009101756334
120.567051960329
121.108719664373
120.73367954443
121.173271131348
120.274438240715
119.099157151199
116.93580322821
118.394874474693
118.792291020788
119.48254232419
119.854629424535
117.848178784636
118.338871012609
120.355195637854
120.793363256349
120.213367278264
119.592142372338
119.244864764804
119.565214043342
119.673502905458
118.682293522586
118.416479104202
118.301452843674
119.532008907627
120.300619326504
120.239541936171
118.743415492312
119.203465476552
119.956866258525
119.525781712032
118.169642277046
117.712882862596
118.7915350202
118.61841305696
118.999862626381
119.200572828485
119.820862147387
120.507916178658
120.566367573229
120.823103542905
120.877891713195
119.463201257245
120.54731234541
121.336356874528
121.25506214462
120.730780093015
120.061701822964
118.552519140644
118.981318437286
119.691403904635
120.524136984
120.086864875161
119.507631270254
121.286026943464
122.511493395489
124.235907227826
122.342698528565
120.882661425875
121.207251821282
121.520232196905
122.021032554604
121.226507985947
121.000607008382
120.6737637719
118.733602628699
118.425522743335
118.874819344271
118.591056270798
119.619074398869
120.063066234319
120.161398473131
120.619358112936
122.422141497711
121.485809403638
123.931371909389
124.899158949002
125.26671532083
122.513378447804
122.068816085268
120.806325212941
121.308570872504
120.244919003145
120.068527749583
121.732572641985
120.156670701192
118.519250630897
118.317136844096
118.452490624665
119.375025209829
119.426223882505
119.047504731766
119.376406195946
118.207237063013
118.814381295722
119.876043601116
119.598911071456
120.705130690746
119.999998544681
120.959332200653
119.270088070843
119.531559718521
120.119638992242
118.907645823045
117.646096192242
117.512532307472
117.579295363315
119.152537821536
117.885230557621
119.141344634125
118.665451492598
118.052091613378
117.861649908785
120.145922179254
119.002545715082
120.506285856913
120.134731498135
119.422072653918
120.139695751076
120.023163971043
119.789075870892
120.199660052168
119.525660499076
121.668224532859
121.153627891427
121.683679117071
122.308858083039
120.889426018524
122.369318123765
122.866668872685
121.61769381212
121.877268680676
120.764655593557
122.110123584164
121.723365179169
122.471766725684
122.160682081475
122.221452871312
121.507589163662
121.039047356811
120.908784154074
123.358268242247
123.53528368917
123.576298612089
123.701660268239
125.702557156095
125.263018621583
125.373647905737
124.248996828897
124.086677088354
122.877593691904
123.551257159863
122.693744873496
124.119872578752
124.682798832328
124.151345350108
123.570509559072
122.125512782615
123.25026036193
123.910725464152
123.474642513974
125.436695927699
125.336324335337
125.465058679943
125.053104389501
125.556791167089
124.404504931097
124.273292973757
123.194891133223
122.135982875158
120.636893358023
122.817334413739
120.55181610615
123.405296190956
123.68343766678
121.202581068226
121.524118149696
122.529207578181
121.636698485381
122.543369750958
121.300111524422
121.596469162599
123.134064359414
123.08602851584
124.057141662647
123.638587652862
122.713724328102
123.253230781146
123.109272137245
125.109113190826
123.60558924887
123.633947747407
122.029603751888
123.943531514692
124.202386575633
125.270068481922
124.443691363415
124.688125732992
125.69934555866
124.866498785873
125.243340351278
123.514044973344
123.409427600515
123.354777631647
122.665112957505
121.247115632339
121.991290027927
122.297523693042
122.888586345711
123.672035382991
122.450513538399
122.797334635535
122.850047792031
123.945438282739
124.470891184142
123.252735073321
121.436606958298
121.049269732673
122.365257522736
122.197568534379
121.945609479749
121.268262632544
120.820043853852
121.50077141962
122.205678956169
122.489508602672
122.440030732987
123.447582478006
122.848086180938
122.689146136464
121.600562527528
121.978992143245
121.79463060417
120.780574262823
121.593183455049
121.781070016694
123.737385821406
123.632477318519
123.758479226806
123.229922149865
121.986123674074
120.970769016067
121.635484587905
123.162433413501
123.11107079962
123.789545796053
122.886970562842
123.130021237209
122.683491184464
121.844425202893
122.734951578479
122.258425100923
119.023016292614
121.794911469977
121.234100523837
121.6400465551
121.075113621419
121.304573745176
121.00461790268
120.987734417101
120.568092984692
119.576214289712
119.447845677148
119.982108110774
119.808410590228
121.4866080207
124.178202563942
122.430390968274
121.374269459404
120.398740468293
119.672831329488
119.880328608202
120.359902057822
120.475551945552
119.116853312247
120.975805014165
121.622254330817
120.272212107921
120.150321552216
119.726983542392
119.802808993151
119.216739507672
118.693730680436
119.137406769057
118.88695947348
119.005355472353
118.707222885083
118.68924130243
118.995789541101
118.326803047596
119.896678250202
120.188892592177
117.166379780066
117.14430919181
118.170247027853
119.0968103658
117.448524628517
119.543477488295
119.12825357529
117.520945209317
117.450235361734
117.026577561705
118.871573718289
116.368550752109
116.07998953789
116.866283120106
117.682399657174
115.925909413133
117.72185241155
116.097981213571
115.563120683376
115.587794732165
116.690592142749
117.147929714664
117.011257117226
117.853352726355
117.057908057583
118.689138684323
118.352345352921
116.32604418672
115.825094912656
115.200411472979
114.483050474276
115.632502636202
114.463726039601
114.869152954077
114.929329671039
114.307633623082
114.72835832366
114.147394237198
116.280572868531
114.403868625238
114.997957779708
114.545180666061
114.521882274412
112.939505998759
114.34053600324
114.558069895662
115.657239902244
116.013828872171
114.9759501082
113.882683484404
113.739617395595
114.538350650696
113.423760785326
113.518066722255
111.544382602128
111.279105914576
112.324681764185
113.299015269628
114.612569293011
114.687545197209
114.845790035905
113.697249429286
111.919958256971
113.521235209031
114.020006281702
114.359633631666
114.880980787925
114.226447308089
115.39209540041
116.046595947975
115.383378443882
114.689037335072
114.740981058015
115.435900312789
116.403876602842
117.007326529611
114.685052806449
115.305050560604
112.218432981104
111.451548243808
111.336635445127
111.93463927312
112.147211864423
112.223834164414
113.436178924401
113.389893965339
114.231476998826
113.920098706031
112.957696237652
112.001888968086
113.611228721977
113.035117044443
113.620453717016
113.531598245055
113.000339333914
113.610553287179
112.704039163915
113.852167533666
114.968184333586
116.403622739698
116.442888454988
116.938055895407
117.251390509066
115.792260012249
115.720487354044
116.112591161045
114.804020162251
114.804598308064
113.495983462338
113.656067553687
114.108422249106
114.49096763114
115.1271786332
115.920502034912
115.373871447976
116.26459349223
116.9805011274
116.403329898422
116.368904455217
117.143080869853
116.737356482048
115.869742556987
115.460379895809
114.951227456673
114.072977286084
115.67249931555
113.389086462397
113.826575082836
114.170040258411
114.457149201952
114.251188274646
112.811056451897
112.734114451436
112.042608714897
113.181731660428
112.814973435353
113.473609172173
113.386056752028
112.877313155904
112.339477712461
111.250445705055
110.973498211643
110.816765270519
111.108671221487
111.776008346735
112.062722675487
112.9468461688
112.820548751549
113.807205995212
113.348149263531
113.023601758841
113.90084720551
114.023338421001
114.011540696762
113.462322964412
113.387722918903
112.56981000499
112.644506670202
112.997520365984
114.622861806638
113.781531992805
113.356504740516
113.680942180298
113.796695162419
113.76221729789
113.853690916853
111.768297172837
113.633268155593
114.088495484092
113.483324650468
112.886853111496
112.392563298065
110.979315660468
111.309127292537
112.81266089658
111.097004345256
109.786473158055
110.424745199533
109.377219187092
109.654122280291
109.2593143863
110.117251082127
109.805600561916
110.176890970757
110.720794234841
111.121503667356
111.548912178945
111.143555730421
108.743395133799
109.717143633879
109.004467670082
109.946646524927
108.685792004478
110.172507100135
109.211242716674
108.857222472272
109.590800709715
112.008050857419
110.511882629989
112.413923544206
112.450057751516
111.277447089052
112.169692609134
112.206714249897
111.614045791711
111.254154153239
109.342367007957
109.801733372275
110.618035917714
110.899672116378
110.557189211773
111.74648466043
111.128420352222
111.803944643061
110.504560723247
110.593753118553
111.038036722241
111.766535189817
111.640838460292
111.935870063805
113.085233876229
113.95050649583
112.907368495476
113.097648672969
114.518520107504
114.18945663329
113.972262035958
115.241670003206
115.643802380208
114.526399543365
114.483965163771
113.272543954228
113.257191953513
114.272803036356
112.773421048693
114.072607827657
113.488308688964
112.833495963981
112.292873183769
110.431282412236
111.031774376586
110.183349318479
108.998263766067
109.693440173148
109.434822918849
109.414407817893
109.869477897751
110.202820707514
109.948688337048
109.86090918392
109.667565314574
109.650573527097
108.929045097652
108.01566912155
107.45154437622
108.564652514933
108.729469975274
109.790555591893
110.861997645631
109.804711720229
108.895376946842
107.393885756842
107.857809467973
108.907159896614
110.435472574946
110.195298563094
109.654274409747
109.995656204608
109.176466092704
109.524846233148
109.538835271515
108.40038531534
108.479522048905
109.222760319616
110.683279819953
110.917261919612
112.639648091541
111.343120523385
111.501146037435
111.237115393592
111.382628193957
110.255203551891
110.427814983152
110.239536288892
110.022841419048
109.842710563346
109.780531577562
109.965693379274
111.361172034156
110.701181844588
110.733019022839
109.104431046382
109.762286352272
109.976292352818
109.403906136455
110.019072032801
109.752704769835
109.610794345765
108.634410540124
109.911721902085
108.930142137564
109.327652667343
109.55475687138
110.328784858917
110.93266966368
109.360819711262
110.963330255217
111.297015971952
110.136515881557
109.336736202098
109.262592264075
108.979219909169
110.223696580153
111.123342705465
111.06313947189
111.958413542697
111.740187852132
112.91740567514
113.698711497337
111.921370111721
112.884940121604
113.014143391416
112.58965450319
113.388420057517
112.661622282826
112.100387012755
112.792296883447
112.559633828755
112.638039902605
113.741674026495
112.908080841839
113.156760702247
113.831464449009
112.407838405187
112.722657003698
112.573816765593
113.087265975892
113.245073228143
113.169034636534
112.296237359351
113.416816798945
114.718932703723
114.742782377274
115.273866239744
114.93649863505
114.345964129442
114.511148943976
112.858730125797
114.881024876795
115.460524812536
113.255398226567
112.286275300665
113.30448365955
113.148513466101
113.195682293441
111.644704914983
112.243851577617
112.57438928468
113.259236128206
111.666207379834
113.074456881433
111.882245801385
112.22730641038
113.841118995797
114.825692656748
114.7532733993
115.535785923992
113.957569189764
114.910333184625
115.595522538614
114.217352361322
114.485225053772
117.310011258812
117.460672447804
118.134879624085
118.122260898523
116.492046881099
114.646834557826
115.017430526772
114.135606885601
113.016512706477
113.392192656161
114.067033893914
116.333867916315
115.298772291589
115.328716758378
117.859126319015
116.058750956713
116.304749414895
115.898017711573
117.201747235226
116.911906241646
117.983751829678
117.925609418259
118.356028793268
116.292359797904
115.812990266167
114.713500772291
113.622443986962
115.097001590625
116.116490971899
115.732480574528
114.710296389308
116.007519130153
117.630968209882
117.775458335566
116.548437563574
116.130897872161
116.913212248124
116.781336933972
117.705764186404
116.377285543891
118.031877326221
117.319908213279
116.516284604248
115.456128337512
116.640928532942
116.173324915733
115.955266958397
115.664431125298
114.756816437251
114.384565572961
114.590934329288
116.940002121753
116.070464420989
116.828278136972
115.633606023623
116.665062972778
117.354452837396
117.748411588238
117.788589191533
115.706278729417
115.928434087339
116.654644261589
114.725322137573
114.76415746744
116.231385140317
116.060382721791
117.364206621205
116.632917167068
117.818762149729
117.586986714188
118.05889218624
116.31300102701
115.079787209313
116.016484876572
115.675784028689
113.978503603571
114.081826239403
114.064686029093
113.477603231466
112.611965661613
113.362016048965
113.884892085789
113.131469720481
114.75068806359
114.046226159061
112.17130255237
112.792556278883
113.840211580108
111.867218812991
114.294359926931
113.716323349862
112.934666920988
113.477135718133
112.9742447885
114.122795543828
115.288835241535
115.337533208132
115.081807555839
113.271229726996
112.913667734727
113.275123564286
111.417071106856
111.000870780996
111.702978424924
110.698795689438
110.430049498456
111.190936524215
111.545275901419
111.757374404749
114.266639598561
114.344213817362
113.309613983563
113.404361510592
114.545620843829
116.027009088764
116.096828348789
114.88639496063
115.574090629707
115.895204729638
116.142944894143
115.805120832573
115.45426827358
115.514271398073
114.835947797679
115.537865861524
115.336564367135
116.617855985867
116.957924995936
116.814056675402
117.905012852898
118.265519171336
118.131617531797
116.883986159892
118.264826383257
117.714026987991
117.198440286221
117.19932954554
118.192739036391
117.949176881818
116.611908390442
116.515067206845
115.80064896857
115.762388455702
114.657253085965
115.413682923172
115.12287287682
114.383154917795
114.112827570702
115.673820750298
114.267455857228
115.044577009345
115.190157693138
113.969609253393
114.341679015138
113.532839760165
114.696782735399
115.163343329743
114.905441237665
113.914730374884
113.668492194281
113.416965068183
114.014295923443
115.290730425944
115.757173819958
115.023756673706
113.154749866554
112.922781086972
113.655155516982
112.672186529413
113.036370707404
114.67857473597
116.011724096882
115.678921902004
117.222280860241
117.194292405227
117.502867152437
117.661476444157
116.811244153104
116.949406772751
117.327577571272
118.276828442214
115.253654601071
114.897520224949
116.634981315998
117.031586335936
116.995316362454
117.349716365726
118.298102818184
116.910768333963
117.383205306343
115.353008672879
115.917671924548
116.099734203406
117.373297807505
116.300880361601
116.924615899674
117.729052871226
116.692745250764
117.057168636695
116.999025214051
116.752514166595
116.251203559304
115.701582430705
114.73950665762
114.666918172519
114.014515001812
114.355389298765
116.107937723236
115.496201807104
116.474301494886
116.696090220632
117.819658908012
117.342423189093
117.049345332904
116.805948699514
115.555203927929
117.878490644599
115.974417848788
116.075662875217
115.786364260489
115.984099627435
114.57668147921
115.763384883419
115.656603503849
115.447867393475
116.949605165835
117.269503084203
118.684382489124
119.394280756799
118.233170092349
117.841018536054
119.026964605357
118.187493265733
118.032196191833
117.512733690454
117.982531290184
118.924600253618
117.947874186022
117.449469585096
118.491360234468
119.938588448384
120.307354704253
118.423818904311
118.477455333714
118.772852353941
118.711030557984
118.079554812182
116.394418026413
118.073732357616
118.952895483839
119.334690206105
118.620409316839
117.249905769495
118.124536652348
117.172543364142
117.133256899128
118.504900924545
119.168082460895
118.470674505812
118.768616368242
117.935685005187
117.239720621283
117.253281660774
116.079542087241
118.362994517204
118.493425681776
117.484392046095
117.579135546739
118.54900048493
118.104821297834
117.816332661672
118.60708502756
119.851917428465
120.215526178721
119.89888808489
120.169120819524
119.882181446265
119.252235631581
118.586154822902
117.92256970297
117.295278566632
117.597079292938
116.107222058366
116.463805095116
115.168646722029
115.43226911406
114.810419836995
115.373549123772
116.50923719642
114.680927815871
114.386809654354
114.025003202745
113.958707402062
114.091723496541
113.398158163902
113.545526967495
114.81228857709
114.849630618787
114.335080783528
114.804220628693
115.347363240987
113.45295515568
113.746252912185
115.958780592163
115.596705333265
115.647206355373
117.125469843968
115.445704741393
116.450888680864
115.925989731813
116.17347756573
116.686714000292
116.269416179483
115.60007321344
116.379692026732
116.112802022117
116.202537920325
116.747946162708
117.456387716112
116.879087821955
115.831888158696
116.459491341996
117.697290994593
116.686876865644
117.203047093999
118.446588044223
117.901237451971
118.051776469731
117.729690063408
116.711569067166
116.084314187769
115.098548171927
115.343790451479
117.346831299718
117.185017021396
118.630295397601
117.198227369197
116.727146138599
118.552607053798
116.719583194134
115.602866337299
117.975569327299
118.531391045088
118.354289684743
118.171984196284
119.129901048737
119.366808120455
119.746719096611
120.780023855017
121.457806412143
121.049718562907
119.305665787675
120.795370292168
119.362167777315
116.932431229748
117.944207336496
118.169980743982
117.578774678465
117.887199174408
119.280000806687
119.247548786415
118.723236345737
118.784580475277
117.039898659434
115.945748636899
115.400225483887
114.748674373459
117.486924849422
117.695236775654
118.460350322941
117.824034375641
117.03527530781
117.982025962826
118.206036095345
117.600405409225
115.83995669576
118.407264478319
120.013282539161
118.262955528549
119.535835864666
118.842057524465
118.125416084927
117.167784525718
116.98409816933
117.353353800996
115.948578344525
116.478602487183
115.063785505723
115.388754067902
114.680122397835
116.336682695057
115.477508966719
115.443171356184
116.020247188492
115.77786339373
115.274388367774
113.709541854883
113.890803887903
115.375374990344
115.664858360127
114.402892348501
115.665574801526
115.386978793356
116.148575413822
116.115363042367
113.69804953675
113.229084020782
115.328372459453
114.924912922614
114.34893858837
114.81968963482
115.407684132289
114.555035092298
115.033113944599
113.746582559399
113.422785481231
113.124782295399
113.639013615518
115.666904279865
115.827934963711
114.633887353856
113.095868523196
112.805152827846
114.697314074544
114.993122940237
113.732696298291
115.313961002111
114.190336450356
114.308168907398
113.665063813797
113.878274167319
113.290232331908
112.797178844267
112.371363824476
114.758126271677
112.365054798594
113.852980535914
113.279146119309
113.961292187872
114.909359710411
113.151237064445
114.199428656015
113.839694038587
112.861746446541
113.136168422152
113.172725527588
113.582916665066
113.96624487452
113.567539731185
114.381316316867
114.511692470549
115.648255538043
116.666883217459
115.62792855015
115.252948130834
116.304956392633
117.993321249494
118.585943755446
117.930191782219
117.825516386598
119.167543733381
117.426178884948
117.19389157022
116.38046630966
117.930468283658
116.308088716466
115.974514306413
116.196585333657
116.550004519901
116.065005696959
115.117973191342
115.074909569555
114.937058257522
113.923368023799
112.990521715115
113.72892803808
114.601248518662
115.069495075242
114.945162345133
114.296457199092
112.808847937361
112.32372230831
112.188566679261
112.289556049865
112.824631650325
113.152968316758
114.013780379599
114.193142836493
112.676648861632
113.811554287509
112.649849446137
112.473705062948
111.985306678582
112.942098102728
111.160243033308
112.277993718322
111.585940005152
111.000424033145
110.034240232146
109.742607155244
108.987242736155
108.664206982829
110.378568805392
110.151447098003
109.225503471185
110.804948519851
111.283202845701
111.519290545274
110.850723103744
111.646370201647
110.867896761543
110.233487486412
109.904775562112
109.738303427785
110.531923684414
111.43346802988
109.234843337294
109.282867804815
108.158518498199
109.927446747948
111.462929885787
110.423815256817
111.373624652377
111.720232167073
111.900276958526
112.639800616719
113.062853053462
112.96005288778
112.012821300721
113.614402044916
112.195610854742
112.226100606991
111.910340267179
113.013824142705
113.962321225512
114.852848852484
115.746002479485
113.71877801253
114.196525402333
114.073868575804
113.360837588878
113.654771751406
113.302638672834
112.127165854861
111.673744002966
111.053851080731
110.568436524134
110.869708893963
111.312999942833
110.426317490922
109.233410040268
108.776715886993
109.946900090746
110.928742416657
109.403162163458
110.173728206202
109.814004969937
109.102995595194
109.772210498291
108.496947136865
107.610198425514
107.837882682367
105.920619693491
105.989881538581
105.283812804939
104.228655886461
104.226321157269
104.971419527127
105.059294483588
107.646709858783
107.145767999864
106.308347044316
107.342753219396
107.945829172316
106.902888610224
107.066071935641
106.064757746212
106.138244502015
106.139647925466
108.529459478709
108.813961744142
107.38228865551
106.199052462505
105.989233711882
106.754028136779
108.757411477837
107.755760098403
107.676399164848
106.189077540279
107.902102548946
108.38157817222
109.12856219176
109.610391205067
107.253466101014
108.856807338628
108.649307662494
108.043653866481
107.773601368288
109.076086839671
110.790430111678
111.255188852065
112.601936020532
111.366017192796
109.696719857761
109.603522903673
108.69550069497
107.946178783203
108.016221958955
106.8166974387
106.485664644765
106.887529845204
107.295064583559
106.666910830449
106.756346736617
106.993658863166
106.814167872444
107.751489702451
106.801292588899
107.555570496103
109.086337851836
110.41376228264
109.352358144737
109.813358334995
108.65935228794
109.33112166232
107.596383818345
106.327238098191
106.057079101985
104.758970464868
106.039722095963
106.347322847326
107.520519155858
107.715727774717
108.319484378348
107.185765866619
108.310180464889
108.161016356215
107.512468994087
108.861221411501
109.397128516019
108.969873593051
109.227050283523
108.769169759482
108.005119698789
108.484010297962
108.270389781725
108.013246861598
108.561795428482
108.087604228817
107.933624048402
109.783238345945
107.15796280331
106.932178441641
106.073429186212
108.663318062602
108.11444118713
109.803449173963
109.583777071488
109.487372946856
108.235057799682
107.457708587045
107.79229044086
107.367203348593
109.731481735604
108.177806093438
109.791706315319
109.922185577893
109.390556576631
108.38339922976
107.926115541773
107.566725184208
106.551711642667
108.616727036911
107.636447650056
106.663126568663
107.141471331886
107.375518694423
106.137432607886
106.161421126187
106.77380349281
108.208961079732
107.64130407082
108.650079493321
106.843297634654
106.853621395049
107.307419867122
104.998477210391
105.988075431697
105.631132987408
104.885879933283
106.58311482647
106.830293434966
106.080223815482
105.985410065853
104.796823609377
104.296966277777
106.221194009873
108.147371664517
108.432680963516
107.380904573102
107.82955332817
107.233427139524
106.682457482187
107.940023827411
109.79248349606
109.516858917016
110.248424060877
109.172925902861
108.941666929212
108.659851049308
110.094042756116
109.326339057073
109.372496683903
109.967086145483
109.369075486431
108.503317242954
108.555025998141
108.004338864309
107.747320671488
108.907165249053
108.70293226064
109.572444057445
108.028937248161
108.267477117948
107.181638830543
107.606384884943
106.633942248508
107.413401315466
108.377023935875
107.843960306951
108.146785352029
109.043484193202
109.518209670769
109.354747957348
107.625771631853
107.608992258702
105.903304270595
106.223356516014
107.511725069412
107.979068359657
110.359510676146
109.539318421566
110.112849779218
109.964878003593
108.900378379864
109.130585387186
108.615176195753
107.886785108628
107.625837826045
107.745404308853
110.608911145361
109.489838924016
108.784823846528
108.24007150687
108.510097515898
109.78225052021
108.392248243602
106.212399790037
106.912817494407
108.254790959017
105.779008326888
107.271001935322
108.61897439974
108.578401890208
106.560478050614
107.131381696308
107.917520774079
108.74409339553
109.285675219348
109.808157016598
110.678932460362
109.087491612494
110.305239554596
108.307617995992
108.767401755275
109.218931511407
110.303356398168
109.050873237018
109.424323780344
110.776751122943
110.830951774092
111.373454377487
111.046671095155
110.338501198257
111.443475870994
111.790182031797
112.619542632037
111.755413450477
111.760757757648
112.731489599663
111.32813594331
112.046260911181
112.383780612228
113.750625585619
115.209739270458
115.771468817287
113.964818185755
112.307699079706
111.312033806608
112.475684288437
111.896668890169
110.974671210152
111.138800367894
111.22640698237
109.995942139874
110.475149856115
109.572153791358
109.157738585669
110.488969699048
109.922902075383
109.431988871302
111.242049153751
112.017882696848
112.136844926125
112.233886230698
111.158737644203
110.656505906587
111.68274988811
111.627225860579
111.056003313906
113.27449193403
112.1778105177
111.509180097996
111.174523624599
108.976689161541
110.236731663389
111.440703285964
111.812279878048
110.455574274488
109.507998005522
110.838212870272
110.160927673711
111.535810169985
110.198090267295
111.015986897192
110.021609326418
109.779029905351
109.378812396658
110.96129779995
111.58820488357
111.558671316261
112.738214685534
111.393953683672
109.806291951385
110.740230298187
110.867244560234
110.987815602048
110.094552598536
111.095580689517
111.528874937597
110.086529687643
110.384663151321
111.739408127227
111.405485038104
113.405626346537
112.918106213996
112.458272123507
111.134372877078
111.464538544879
112.153057720593
113.925637219648
112.571435596153
112.389259132363
112.497449114704
112.809251612764
113.134665549453
114.455119248703
114.692529499577
113.75032322955
116.12581868537
114.853802607677
115.139588517649
116.391428566975
117.403749654468
115.718120717883
115.505679274895
114.669444504924
114.66178502342
114.548267746704
113.311633817476
114.037928038775
114.468193880754
114.177500534147
113.754991604975
113.540820099838
111.459421806904
110.951152907599
110.617023133687
111.285854047089
111.728808198761
111.408554095444
112.20832491192
112.427458285429
113.250784243609
112.997510353159
113.048499806959
113.630879407594
113.482324220439
114.483988377783
113.536561015833
114.044681222585
113.762049673783
114.184042712496
113.211607425692
114.184147048492
111.607342736096
111.522976311408
114.089264125874
115.339035622339
114.85928507399
113.631833563135
113.210757432398
112.714811565236
113.529256713039
115.124660455316
114.544871573143
114.378852424267
114.167590458341
115.422457002564
114.788089702914
115.045350337212
113.90337109732
114.844949123646
113.449932899281
114.197317968937
113.22720261487
116.610173180084
116.10020788244
114.967074710057
114.826810086577
116.133076649786
115.78861794587
114.080231584617
115.224812872065
114.89555246146
113.967404283625
115.622696322643
115.517663452249
114.301317630793
116.17435658891
116.888837386765
115.129780073659
115.527540722852
116.256808723634
115.248752366117
115.757129399039
115.530447438734
115.301047513842
114.299046740013
115.92980885886
116.137076483045
115.881227107968
115.999504669858
117.310599104056
116.630880223791
115.819581300976
116.320177977212
117.114337298882
116.425078971282
115.114913990948
113.705747751961
113.129856587007
115.183307381455
115.979395511053
114.523875549178
114.568207426687
115.003440518338
114.316171828566
114.836113723647
114.105016581834
113.20545008873
112.638841813819
113.68106167467
113.280557631261
113.084658086699
113.257035359514
112.406405453164
112.222732168054
113.191939303044
114.17082594032
113.918620845591
114.11105887489
113.268292258078
112.984347500687
112.786361272675
113.519642635355
113.234690178612
114.471007418448
113.187536494352
113.699033199123
113.041959095624
113.26125484858
113.456949430885
111.329732670987
111.740220593711
111.344969012386
113.671758429205
114.364285351109
113.846091994107
113.196367412028
113.101443707628
113.440838098407
114.44310678123
114.081063125939
114.856144841387
114.292244368808
115.424505338267
114.630437483464
113.505057504509
114.91193440398
115.609645116665
114.756685731042
114.174787339545
115.687946569446
115.034498428798
115.186188749986
116.24576479549
115.904379462205
114.784157690651
114.672196352539
115.92695582565
114.929444543018
116.154922962697
115.686092679793
114.639070827588
113.952400928768
115.157230487903
115.345939479135
115.491787744698
113.885445093219
115.430148404345
115.080818850408
115.470811688695
116.679018688762
115.090066269757
115.669806790899
114.236173045553
112.630427032051
114.547334039355
114.509742998839
114.930847847443
113.820288663496
114.422848083387
113.6262612006
114.344518957142
113.44334239103
114.067658012643
116.789175722145
116.900536129728
115.957863161508
115.636368390694
114.097218592918
114.580886514182
115.721608930872
116.631546318538
115.59845142097
115.98186534577
116.155264447497
116.060470591345
115.262751364705
114.673744932973
114.903203462304
114.56038266417
114.286964528722
115.001983795613
115.65222316372
115.398639392521
115.659307706955
116.793460119917
115.81665857811
116.192565261618
116.556069020042
116.104892898292
115.83860107254
115.841817721355
115.079005057708
116.744224090822
116.40343867328
115.518477260821
115.335711304934
116.908809870253
114.760332916859
115.644239917512
116.454606005053
116.962435682691
115.298052762839
117.341763290527
116.601422704638
116.817498661811
116.054753988507
116.097730668372
114.744024544606
114.750907118694
114.173834944242
114.224019429729
114.780981371656
114.862232849604
115.839862028062
115.716108851996
112.891361306739
113.106145149297
114.607281014757
115.539590907821
117.247828815771
115.882015367637
117.194792785212
116.941023358989
117.42456306137
117.420480560059
117.607693715519
117.57794413294
116.934302148115
114.553696641646
113.920281589259
112.903678122068
113.065747835759
111.012183042868
112.257266391833
113.524146381559
111.979213749921
112.331458805915
112.072257187182
111.898733478257
113.002232304232
112.731041253719
112.269567208554
111.405965631454
111.939278741146
112.406133816282
112.560311580982
112.956745127514
113.649038150255
114.495192148252
113.580646011781
113.718767677816
114.155096943964
114.077350233173
114.361263149105
113.217462774031
114.074622529287
113.49376343968
113.427264998337
115.466724489245
114.893254636844
115.056643351354
112.420206485906
113.906495878193
115.459615265747
113.877366348584
113.828252860392
113.185078961732
111.420708909031
110.709795356652
111.296746301276
111.620694646576
112.497692342487
112.102377426209
111.901994156175
113.630691787946
112.573590769549
111.887009191398
112.661441442226
113.196907459715
113.036698683155
113.039876363402
112.355411781885
113.774054069196
113.723507468385
114.348500472271
115.211822924136
115.511402528584
113.073030300172
114.548220679613
113.808273594864
113.985607216928
114.140677583686
112.372995561825
114.338297751016
114.384885706575
114.934305168802
114.543358831144
115.000636179834
114.77610775387
114.427946163214
115.514335899191
115.145188816988
113.950591878653
114.752252322798
113.884184399753
113.450140784543
113.12579010051
114.483515180185
114.426169097096
113.234083200025
113.184540619569
113.964243769229
113.71044282911
113.271480625963
111.288705885128
110.75147066657
111.325629055866
109.796613217989
109.99679485785
109.928312344999
109.640065567895
109.122549156231
110.466543903272
108.813384790282
110.116082602522
109.894823488709
109.826205786813
110.672204679207
111.133159965531
114.172841208717
111.929125563051
112.825974889674
113.706429928465
114.012237798321
113.88335643519
114.299387827342
111.235252142571
112.657584110669
113.006824039549
113.862062822791
113.252031559239
113.309183747022
113.191026270244
111.719612536997
113.744123697929
111.391044547705
111.919015643038
111.326840835311
112.367789388587
112.379139013901
110.206978117694
112.202717687546
111.311077702394
110.086407378248
109.814998277726
110.850201955232
110.551357398729
107.954163666726
110.284027056253
109.918883972875
111.095132519861
112.032918449537
112.200285674067
112.092941155367
113.425899441346
111.559119995012
111.137990532778
110.089707109699
110.067108227975
108.899652011598
110.795988069755
110.86556202769
111.396691525224
111.888318380769
113.399271710002
112.230048873928
110.840313379175
110.075071181551
111.049412315696
111.251196060475
111.542089849468
111.724045514522
111.373422032818
109.731468781137
110.442550611403
112.19571381396
110.67780173611
111.937817991372
113.132218349028
111.876449130559
111.93818712957
112.218616539508
113.254606385832
114.029789825409
113.742239685277
113.671423821301
112.976587193095
113.226301668802
111.397974370807
112.376503940874
114.687598022677
115.210267599222
113.204397967401
114.689237743629
112.678622750855
114.264104833457
114.048525086533
112.447044222642
111.696336536131
112.304121476053
113.372723722295
112.411511376829
111.456112576145
111.162671534423
112.23729040511
113.090174175849
112.956156907827
114.33471997927
113.793199042426
114.301002732695
113.112483080003
113.5474027196
113.7332455036
113.193387354828
112.924400628066
