85.0300981222053
85.2350292264189
83.6539586775266
83.6113556639605
84.0894210121999
84.0379495362471
84.7781873370023
85.163426215026
85.2205048105169
84.6135805924172
83.6340210878049
83.5234409488556
81.6271215226185
82.8444786131114
82.7565423453327
84.7991502498876
85.0603639719632
83.2614664482116
83.0350791922522
83.9911039727692
83.898872616063
82.409135526684
82.3465715848849
81.1827631661495
84.1694413062192
83.7131577483131
85.5097857074225
86.0273360615376
84.2440109859552
85.6348687915373
84.9529327110589
84.8773738292261
83.3703681927904
84.4532335073486
85.7550840199921
84.1086788567132
83.4778715089133
83.977659544635
84.5062521320811
85.2544400478187
85.7047040506061
85.243668347034
84.8844052012155
85.9177970161215
84.3772583141974
84.8164839450985
84.994433535966
84.5050459290099
86.9558771633434
85.9929049738237
86.8956307932225
86.2356834124301
86.7807574919352
85.7954821410475
86.4389476557899
86.75452821958
87.5427589055312
86.4768246309651
87.4973959198272
84.4920351274175
86.9183488732963
85.4145636170604
84.1010140050286
85.6262789337719
85.6351975908604
85.6096553930056
84.6122855759553
83.961130581027
83.6576381871968
83.8940076858064
84.5074519402905
85.27261180265
86.4097709360538
85.8149474806419
86.9503127578815
87.3391176623092
85.4453188195515
85.231792922503
84.3980926877324
84.9210983674825
83.6534186503885
85.3272122420944
85.6003637204067
85.417131865285
83.8242876251044
83.3976620058397
85.5647045866991
85.1712427255259
85.0795263984006
84.5689039543577
84.3971889912788
85.8971437039536
86.8664192783275
86.7187596746534
87.5745471361992
88.7456728101511
88.5115994941598
86.532195339677
86.2269793508636
86.9281309773015
86.6862931029401
85.9533010780478
86.3226642949786
84.4098486294524
84.9969131897888
85.7543024270842
85.7544348932177
84.9037215247944
84.4686395784345
86.9816443535372
87.3389659598963
87.6187309791053
87.1472982262014
86.9769412236476
86.6237207070533
86.9751894711821
87.260352256599
85.1839727801916
86.8643753063074
85.7669224249182
85.4965233912853
86.2821403871857
85.4015458583455
84.9325600565617
87.1472190876412
87.5906264031285
87.8807234896994
87.9157951571606
87.815830941267
88.9629931783453
86.4896364146657
87.4151959596868
85.6259260936367
86.7825521960597
87.6031367311247
87.0959833940448
88.7795426041847
88.8054850350986
87.665746726658
87.5106535842181
86.1989493014774
85.1970526746201
86.1980690321988
85.7250658048702
87.0857159368546
87.3942027526428
85.2989329882307
87.0612888890606
85.2587046248177
86.0160528282561
87.2107788748606
85.8641006573189
85.9714152735332
85.977541464882
84.6889943755385
85.2753331381483
84.4306990143405
85.6748378816607
85.0050147776073
85.013530449322
85.1125948524955
85.1698689882458
85.0327182718374
83.6464632648109
83.6232497904058
83.9472618459256
84.2832148678285
86.1280196237106
84.6794999040136
85.3329970026226
86.9168934450306
87.7432029879443
86.9959565819106
87.7192527766272
88.8959711408432
90.596330652234
88.3988152317653
88.6510186293905
87.7007480077472
88.2526946600227
85.9421749047215
84.4618062682668
85.0125051099727
84.4747637901922
84.2184686742563
84.3366674449058
85.6425361904357
84.3179813792997
86.680405803224
86.4389822341141
84.8876461880464
86.5757279367453
86.2804267625272
85.4570515167757
85.0671310629871
84.6850656243968
85.4401296396477
85.7431852353363
85.4160843443368
85.0178822556918
85.9193461440602
87.0056299576325
86.1219223993216
85.1011729570645
85.7986367826551
85.2966877734818
85.9799842896574
86.0805233622064
85.5557530532538
84.157752560772
83.9138885864965
85.5497486646166
84.5165743777714
84.708750735957
85.4973800787737
84.5018323232775
83.157306964975
84.0475617611632
83.4065736138599
82.050230335427
82.4087452516251
83.7352689325865
83.3645564540855
83.7921244026676
83.8241185213785
85.3606911403554
85.2727487925576
85.5136550993671
84.4731986557191
84.4976780936815
85.3041347301395
84.8104833030501
84.672131776315
84.736623555435
84.1384732960256
83.4211943045362
84.3951837685689
84.5443069869416
83.0379675710709
83.8043907914917
84.1604308949668
82.8548179669641
84.3749834494685
84.706186924508
84.5330099789514
85.0919307393734
83.3103046734652
82.921474267576
82.7944808143662
84.4625654312175
82.6740306037889
84.2050348336043
83.610564206691
84.9909689742258
84.7778370459572
84.4206158836405
85.0496007743423
83.4717102350792
84.8550891929009
84.4993238819893
85.2552236537162
85.1484873331374
85.212411950717
85.4147468046708
83.9573762145779
84.465587509019
83.4854618136211
84.2746144322621
85.3055184041374
85.4731757335904
85.0144711527723
84.1583234385231
83.1461014234894
83.9421828580031
85.7316190012666
85.3130505650053
85.0960939074414
85.6585995742498
85.1197233325923
85.6728089004402
85.2166740808202
86.1155983425722
85.4122399941638
84.7889378694362
86.9108625251742
85.4082436018883
85.4437409282394
85.7604635445064
85.4330192646394
85.4788879489774
85.3473122980898
83.0286894111483
83.4852540613397
83.8172315679372
83.3371716455229
84.33651889592
82.7298625955723
83.0436947960499
82.8317850677296
84.0480929844233
84.5913728646154
84.6660038704663
84.655767374331
83.6172071862442
84.2705238803321
84.7853311732003
85.4759658068359
84.8138864652203
86.0576897102124
86.7644531958984
86.9820424876463
85.5783353630488
86.0692461832494
84.6007763535635
85.5499733387851
85.5728980884502
85.1650364828811
84.5835912817476
84.3641836204245
82.9210052393876
82.4321345440397
82.0520026288204
82.2840275330241
83.208677398187
81.474103173417
82.3425982540517
81.1861255250461
82.072208624863
82.5498397279673
83.2702129445544
83.0420445031827
83.4196125171213
84.2493818160924
84.3299978634584
84.6707686243273
83.4569894544304
83.9541246779787
83.9027056539148
82.6686056963846
84.7145778726104
83.2269512048254
83.4647539559454
85.2691293281187
85.03319649386
84.4231097524929
85.3783596580396
86.4530696802733
85.4057816886364
86.7094489910732
86.8872264376489
87.6409838577466
87.9220882318912
87.4397222451312
85.7400613432576
86.8911918877898
87.0749777100201
85.8774554253436
86.5140968566475
86.1506322236106
86.6124991282422
86.4712627958179
87.6564266129768
85.4509774141359
86.6472502956107
86.8230419054733
86.2942219027563
85.159472428609
86.230616853158
84.5944155544248
86.0898062713802
86.3919914900793
84.6678552077029
85.293730354853
86.0096359779028
85.6523263468766
84.5477063591981
85.9653830253529
87.0075921582527
86.0937192527154
86.5092754837175
86.7534081344735
88.5138330807096
88.362015120545
87.4313296910199
87.2406851609476
87.2828588907706
88.7544956902535
89.2271299880094
89.4374329140421
88.9777710534192
89.5396604218042
86.9203968864591
86.5121085837892
87.1986828657136
87.1860876438615
88.2762521770789
87.6740407935151
89.6591349950892
87.2224547118575
87.9195730498125
88.1504905355726
87.8896063255497
88.1753587339416
89.4888792708281
88.2646311447867
86.7437873837812
87.9327211342653
87.0250268562569
87.7868256781267
87.8651740449959
88.7189286736643
88.4305778848046
89.3113136581121
89.425394987396
87.9408054859579
89.3509977149783
87.9829857865053
88.9620586664006
88.8831465593475
88.2555635678717
87.9059322413702
86.9269748807328
86.7435523415403
86.7659854726375
87.4371224273381
89.5601395189477
87.3086718523595
89.4288925303214
90.13554378464
89.4939740615643
87.4278706771959
88.2097453145515
87.1369641935529
87.614975167551
86.1040860320541
85.3004889732998
84.7038141292213
84.3863952005918
84.9526025127349
86.3571314484769
88.0586718103287
86.7931516802825
88.1101281934813
88.1264669394666
86.0890877415386
86.6290949967561
86.2735297411916
84.7138894937303
84.9022120686944
84.8569368452302
85.4141990173553
85.3160807325933
84.3237445016611
84.8518202208539
84.8577826030308
85.0355954105113
85.678350624421
84.1472395166939
83.7773840577526
85.7556661695306
86.0417942996262
85.9866061734775
85.9264899708405
85.6616165497188
86.6212467646116
85.516198112319
85.0079136813632
85.5491285601169
85.7799794766074
85.9765305567641
85.2931452035199
84.6345593477009
85.7464897442306
86.5138502122742
86.7941403451
87.3656684266342
85.9045156001951
85.6907029622518
85.6936103115451
87.8040767954487
87.2780317160304
87.6523275077051
87.7877979172905
86.1677261992464
85.3436514794113
84.8486112093641
85.4359474402385
84.653998006527
85.4130855766843
85.8785879903792
85.412332819879
86.1861263301588
85.7038909496422
86.3217534267561
84.3774395274389
85.5529345030719
86.5949096406464
85.0009164941241
85.3783497278436
85.2544619022817
84.7448971771502
85.4169265077098
84.3942241703516
84.8248557709136
82.6302611273481
84.5020818722522
85.9828701846865
84.0854877585228
87.2712892730509
85.7493593158784
86.2172836781713
85.9460347170533
86.6151152956788
85.2530464533515
86.74999751744
87.3566938556436
85.5955173956679
86.5113929481531
86.6564824589323
85.9060371978431
83.4821393095184
85.0074487340378
86.0532638617759
87.0400706658004
86.484291758681
86.8415284269589
85.4385882398502
85.2628145641527
84.5440030819067
86.4126838485173
84.5912467466343
87.3612193339533
88.146032266052
87.8902520522215
87.1819967207608
86.2247084441531
84.6927980679313
85.3442686417694
83.081231290113
86.4623013524729
84.4800353453612
84.6957028886932
85.6604275421106
84.9715467956993
85.9636205372232
87.3116757694309
87.6407648360357
87.9775829366746
87.3826542444538
88.3659180742431
88.6476547709734
88.0966475927608
87.2604843030233
87.5633151879776
86.7647818215273
86.0530126090429
87.9780724207869
86.918252589376
85.8088019260356
85.7469178511991
85.4939895804204
84.3795297993679
83.5054051287565
85.7280826191902
85.154140701469
86.8644931643069
86.1067743382986
86.0924390483223
84.5540480830744
84.987774977135
86.5664818665256
84.5070327432553
85.190941173761
86.7061201144988
86.4196464183985
87.1521751962561
84.4779117497467
85.654547867455
85.1642664621222
86.3974711013464
85.8363253246413
85.3944420641462
84.8896573754962
83.7263955176259
82.7596888013897
83.4439403025753
86.1299606755682
85.7879615321273
85.1392157779783
84.8502537150457
84.964265388328
85.4350235118271
83.3400925923742
83.9192329993679
85.6973682871172
85.1520676007035
83.7490227281586
84.4682943558834
86.22004989553
84.2812815796261
84.9113303051149
85.2526381099321
85.649993518615
86.7258992937001
84.8062258995897
83.801541722796
84.5179201396441
84.3280558157516
84.6355363584787
85.2016370800355
84.6600332586332
86.5296256126127
86.3473547691737
87.4068471753046
86.8222521821652
84.5555587755648
85.0622326269026
85.1751117347858
86.9714241525399
86.39066831108
84.1642808507173
85.315572045375
84.677854967173
84.1963244695446
84.6781981397372
84.9610006685929
85.1578081900067
85.2386391905538
83.639226209511
84.0644347626603
83.3724381198248
84.8073824408503
85.1454229030487
84.734453131538
85.1483382918135
85.1007647110074
84.0418217946959
84.248753758996
84.226283851062
84.3778994770662
84.0536952128408
84.5158620258261
85.5659652731645
85.5467621409511
84.78089364717
85.8341452738092
84.8184984300089
83.9495949995995
82.5869026618299
82.9662290053636
83.885384363151
84.1797340344884
82.5000782547965
84.1065341516166
85.4344650141386
85.0648553302687
83.6716592450375
83.131250858215
83.0120154138212
84.8331528334551
86.4100319198392
85.01156248627
86.0199270511972
84.2303770918538
85.2043718590996
84.7244659330932
83.4272018339781
82.7820438258386
83.77161545195
84.4020124741516
84.5625922119612
83.4753339738853
84.494582275436
82.9639469907631
83.023153754542
84.1574611738517
83.0997954333344
84.984941622573
84.5162540520979
84.287790671851
83.2625092645388
85.2380567691689
84.220497887951
83.3368860088455
83.2036394034418
84.1233189276534
85.3066952596007
82.2710606613254
82.9830839000947
84.1509689302567
84.0104447755897
84.5913451168685
83.9921969641445
82.0014850726532
81.6233331738768
81.6841928327813
81.5889016589109
81.879314061815
79.6813676626812
80.7045983418522
79.4816224189915
82.5229491038782
82.7945476107179
82.4671349671567
84.14316299961
83.101463243257
83.7127224232733
83.0687057907699
82.1803024820801
82.8769426980442
80.6515941631562
83.0833004273995
83.4344313465301
82.9193207549483
82.9956961918584
83.30075836388
84.7049266333375
84.1073841565225
82.1135966667444
83.6821369677233
83.1088214820417
84.1358803884492
83.9872351193554
83.3735139590728
85.0335304222678
83.2174748242274
83.0153200856852
82.6346072095594
84.0135021692073
84.5707053581325
84.9239066816498
83.7489480173403
83.3277133653386
83.5980973497669
83.7532870402895
83.6867483285729
84.7602012379969
83.8701084973263
82.0776632884323
81.8400850281968
83.5943696382357
84.8295207055127
84.9886623464773
85.3409946481378
83.5992994270019
84.9125546682995
84.8355135774193
83.7293714809762
85.1022110639361
85.1842464877148
85.0846938454608
84.8899273875154
86.0034813961489
84.6405747620311
85.6636832936974
84.9357789336149
86.2796575644678
82.4795343750219
83.4765989402704
83.2648631995784
85.2497459619615
84.0366457250307
85.2282969154999
85.6148916074766
85.868997166512
84.9984356766125
85.7410337657301
85.0758588972026
83.8893824676483
86.2675903287111
85.3861765680133
85.6448780417446
86.2405490169796
86.3827277265428
85.7910297855865
85.8379514185605
84.4412808130307
84.963822609837
85.0442772414205
85.3306111182882
85.8167496323285
85.1547125781328
87.2345062286921
85.9437130857769
85.0011029825636
86.5770073612608
83.7855170778306
85.624118498905
87.2261219668716
85.5004063990629
84.6089123575942
83.900877728425
84.3173434746111
81.9912769085368
84.111343097758
85.4654985530532
85.7582800217892
84.3773490164188
85.3447221703798
83.1929174448354
84.9008817219645
84.26903799608
84.7337773797637
83.7910257305296
82.6866563404098
83.6860149832442
84.1647252815709
84.2493775301954
85.9746714540667
84.85257785528
86.5162309923206
86.4632564253484
85.1560635394256
84.606295436891
83.3008142814773
85.7139334301681
86.0415583149557
84.9295379116987
85.0067753053077
85.0136090461629
84.2568738088037
84.2769025211336
84.9771444692775
84.0551242299798
85.1620079149801
86.0691946606123
88.0032853143029
86.9855108077109
86.2997088794371
87.6794810725883
86.0357547962439
86.06166573048
84.5109581029348
83.1312601553197
83.8518028444935
84.2244849162529
85.3834568837928
85.1695756716424
86.6921129830377
87.3693419812856
88.4993654451621
86.2287687731386
88.1958638974591
86.2851006185698
85.3868842923787
87.5713368227977
86.6776352784154
84.7477983928306
87.064012046702
85.1045603720471
87.1660418742824
88.1900211526161
86.9994055773409
87.1287711867943
86.7319706634153
85.3341728097414
86.8312746293305
85.0427824102154
86.273183878235
86.5349843449928
85.9810570772873
86.2069060743023
86.9943412365663
86.1497939810069
86.1230699927716
86.1410518017431
84.5613846918509
85.3841106968785
85.3759510388878
84.602356091695
83.5220555999997
83.8264744598056
84.7955855706039
84.9514189538691
83.8604365028402
84.9783617842449
84.792874521404
86.0268586949419
84.7439593141645
84.6467137585682
85.6730822372222
87.0494129103441
86.1603633986719
85.3234100618122
86.4547831203379
84.8101446687764
84.6248854202776
87.1569692367392
85.0946493474207
86.3832684483284
84.3923948884197
85.7012144791934
85.6918588673591
84.7931794014983
84.6418548868695
84.3968123006995
84.4617457409785
84.2958523211233
83.9506039667313
85.9865572838297
84.7614607917966
87.8101430204775
87.7522073757708
87.2194655548687
87.1026384371824
86.4889745601941
86.3866064887376
86.298027299268
87.3283224674131
86.6262113625015
86.9320435045973
87.2013054858428
86.891068289603
86.5136718029842
87.2138235937251
86.5798034006241
85.9975600320849
86.9174406494738
85.2771114983766
85.3937910834862
85.0481338257016
85.2349834958114
86.0813798436497
86.6529818897524
86.5627316383161
85.0489192983038
85.1160788456686
85.2381096189708
86.0441649100437
85.8168653295498
85.2260216166996
86.2483171600136
85.3040920536757
84.4617487700408
85.928199824772
85.4973238581445
87.1869169752246
86.8300819235575
87.3605577076993
86.2420430008871
86.0507772831656
86.8053771799778
86.3633552632893
84.7364642565437
86.070079238091
86.0634490246476
86.012690388979
85.6954837935507
84.3304614166038
84.4185027912405
87.3524304507137
85.7374701884652
87.7782070566131
87.7909094026973
85.8663419601347
86.8771518998888
86.2378536153012
85.1710035605863
86.3937528494828
86.8309803930979
87.2923865687708
87.4245021584485
86.7260809166903
85.8342036202248
88.104932430604
85.977147587667
84.7817152075762
85.5765584611195
86.9600397111205
86.9791470087948
86.7400569461302
85.5949477729005
86.3618042566748
86.7505467855443
87.2178021394272
88.1432587593804
86.4597753326646
86.0837745964767
86.3953391119989
87.2942347820175
85.6545612712509
86.8687920120879
84.7691570810394
85.0148382596561
84.9033831858885
86.4140270545916
84.8423367461531
85.8658458443304
86.9378028456386
85.8292345529378
87.1526950338407
88.4874625142046
87.4481674061515
86.9899070461903
84.9188111917782
85.3396666116276
85.044291328469
86.6705880223665
85.7156639057163
84.5803640710163
86.5570330127676
85.7878892636228
85.9471814888938
87.5885845771216
85.5451214149441
85.3423152187858
84.6697372999052
86.2584417932287
84.1041609298618
84.7968883167331
85.4384681292341
85.790364396049
85.159485052437
84.6505493619671
84.9856885567366
83.9986216719434
84.1446261616091
84.7283981058351
81.4084080841206
83.7857725510837
84.3688457913075
83.932976136976
81.7696344477635
82.534648367733
80.9949909928867
81.0001537609866
81.6189846813978
83.6535322833256
83.4670178614771
83.1316917301005
83.2954077881074
82.8976868093962
81.9387263213201
82.6266592600686
82.5301258623386
83.1458435081771
82.8013970418202
81.7652078732235
80.4688306257376
80.2840505411552
81.2203405263655
80.2984279943188
80.9027788815409
82.9743464135528
83.571952289997
84.5639556130564
85.4295604568434
83.3215543510999
82.6602842516496
84.1342700547977
81.5836023947779
83.0007612870363
83.8490790939561
83.0337097536681
82.7261879350364
81.685665903253
82.736460828158
81.9490295081669
83.3282713036316
82.2997731938605
82.5490178753506
84.1878636723681
83.6179364634611
83.5239140982039
84.0117200216838
82.2445660918284
83.8442796604361
85.2393528735301
85.4206020044975
85.3685577363747
85.4121882185352
87.2892443915897
87.6125617992299
85.7393508548053
86.5387257141228
87.071547002732
86.3441595133946
88.2691283843215
87.246653633478
87.735370583526
87.597283534377
89.0778973800573
88.7592266807231
88.4685464844763
87.3479644557199
88.9876753870217
86.9354937793596
86.8546532918112
87.7685704188022
87.9634763248919
87.5557070586497
89.2257604212833
86.7975359189772
88.1191021353509
87.9182064421919
87.054707798175
85.8590416284773
88.4135839871834
86.9405476497414
86.0686945059999
86.5322845834586
86.2717344910645
86.4842212965441
87.4465840433529
86.3061698527852
84.4466710083124
84.9421056156167
85.735951423838
84.7430076060346
83.790083085443
84.5986596026765
84.510581772657
85.357457828447
85.4510392295374
86.0979476470807
86.0817129109192
84.0367227320981
84.5695378516036
84.1453086821654
85.8084741376735
85.0687689168115
84.0026587643392
83.7875565184723
83.816140489986
83.944872942122
81.8453718160953
83.6272230585603
83.8755108898369
85.2432549680303
84.8659040393711
84.2478305544311
82.8773400481935
85.5158717606388
86.1233928051143
85.3104671676739
84.6676201196214
84.208162855507
84.4017168740396
82.0428245956091
84.0734092003604
82.7783067657722
85.0208792005535
86.2070919496422
84.2703114699595
83.6627615485655
83.8405491620749
85.0499262225368
85.0310928816003
86.2237155120793
85.8810072802161
84.8409045747698
85.4719825562741
85.2273763247705
85.5715325638356
84.4954707531444
83.5355171385774
82.3440345891312
83.6181103414896
84.2388655059458
84.0085353149779
84.857358107925
83.6388266644989
81.9332164847341
82.0206391691122
81.6351224685913
82.7924105320453
84.2883194122815
82.590241439377
83.4126285629415
81.8378686068984
82.8692841726106
83.1221222422032
82.8390759127869
83.4932808493339
83.2837647492329
83.5010499594335
83.3859522950012
82.8900746774769
83.4838818012036
83.3414013326373
82.2599692027094
82.2395393332484
82.4137295448649
81.6788864575921
82.6219873465207
81.6989022166126
80.645033147896
82.252934430748
83.156047411715
82.6336076448784
84.8224761286642
84.2993297868065
83.6985804123029
84.0079280840706
84.4805930348127
84.2199002712584
82.6047063777864
81.4966655677441
81.4682641611527
83.0887235462951
83.3413323982885
83.978999034782
84.1784195042606
84.8634118808451
84.8870477861829
83.2346875615979
82.9993071204382
83.0334595066201
82.85280245168
85.8403948867265
82.1231170751714
83.706666664491
83.6131264597799
83.6790174033415
83.5993862392639
84.3326263965594
83.973354334056
84.4899146894526
84.0702313782393
82.1900696862692
82.5716495260029
83.0567541231932
84.014012714261
82.357235608285
82.0212620773032
84.2330581359939
83.6041955365422
83.4708931695582
83.2606578271057
83.5831998902621
83.4439862554148
82.4365464219496
84.113581629456
84.1501718274476
83.6651922001906
83.2478477585382
83.3013836555227
82.619335189584
82.2221811729761
84.1872185428583
84.5640397555159
82.9860618882687
85.1849252591247
85.1153910545369
85.089393024485
83.4769809012906
84.9827591388575
84.6903794481095
82.9221572273292
84.4521316231149
85.5889868241678
85.180051052698
83.8163388696676
84.5135391576856
83.8453252310532
83.2899210890841
83.9901818163189
83.2698899464677
82.8081584207206
83.8770617281381
83.8940585606539
83.3235376948969
84.5332277802462
82.813405997184
82.5589687189386
80.8419120996718
81.475613971617
82.8982146207346
81.6354894518818
82.5120462778998
82.0163697626138
83.2470963566321
83.0946821447684
81.8738800520966
83.2270502990407
83.6340426539206
82.6874098811725
83.4177522932215
83.7179097297938
83.9438013868522
84.038785853644
81.7565395591924
82.3902188402331
83.8712137563253
84.0984707586331
85.1251616608033
86.5281375576884
85.6346856000382
85.0878465701234
86.4561749885573
86.013436922346
84.933299239557
84.9459679594734
85.0321676815588
84.0241477593343
84.2712538868431
83.3770419498884
84.0500410356987
85.112540473445
85.1385623147057
84.053843976422
84.9643824404949
85.351922281189
84.0758045391526
84.940590902431
82.6812792740214
84.5596362708069
84.8047453489357
83.0240973233211
82.881932074753
82.1784773380533
82.3539650756817
84.6630368792377
85.0751066141646
85.8310737515057
86.8454311777648
86.1638082226604
86.0758696214733
85.7220114775551
88.2998219124212
87.4367286785872
86.281718511442
85.0815187829814
86.0227169973232
85.8670597204355
85.8466349399965
87.3037416448599
86.9482661986701
88.3642608954407
87.3541282138617
85.8298179162801
85.4104219905945
86.0866803866739
87.7148013564212
88.3851944943537
87.6736676830768
86.4600329960526
85.9456965429819
87.1806894078021
85.9682016456996
86.0370418802611
85.6181185002423
85.5935128856458
86.6498697093088
84.970053065779
84.1263604677319
86.7943297333715
87.1002716434508
87.9042237392418
86.3177379148945
85.5015946056492
86.6536702709186
86.5639825646244
86.7137929446346
87.7900658899479
87.1706697048782
88.382507678168
88.3208438086843
88.2880267903135
88.3189353147401
87.1900806793867
88.8556217974357
89.0987605600888
89.068733136759
87.7618545866196
86.1484564385065
86.4112264894196
87.1151080516224
86.61720183267
85.8128321499154
87.29566352844
89.3214392065676
89.7796682840168
88.7721613071259
89.5262129000232
88.9834606554034
90.0258069625709
88.5180860479686
89.0232305641053
89.6568679608663
89.442319290235
87.7334776849333
89.4454612528358
88.6031772672885
87.8798016490717
87.9489065027865
87.4506629595662
87.8854837291216
89.1391224231662
89.6743408993243
89.8256629035024
89.2549636974353
88.9870142385962
88.894042073593
90.7609630450888
91.3411208134919
88.6659099978525
88.4331855603085
88.3771855495088
89.429454521336
89.5125944125415
88.7831116826573
88.3272914735114
87.6361982495445
87.8269309015614
89.5869900442411
90.3729980538895
89.6987890689798
90.1735088496838
90.5132971700484
89.0369725653326
88.235318783537
87.39543760001
88.6679822930758
88.1148613206802
88.7897230965344
90.308220506045
90.6321835987278
89.4046425446264
87.7441441182525
89.13133459798
89.2368730458504
89.0844888734786
89.9395173817461
89.6530842343026
90.4429969359312
90.6705863156246
89.2326440424794
88.0559494712732
87.2217835943349
89.1085857260396
88.6507255225698
88.9798231130993
88.2151819045825
89.1274772602545
89.2214613066938
89.194685045598
89.4027686649315
88.436785007896
89.8313814614864
89.016980352011
90.6419315314332
90.4946835280471
89.817579258154
90.3564103686956
89.5902743032669
89.0561230822702
90.4631436349431
89.3920715037144
90.04594191584
90.8391253321738
89.0103976007932
88.7132040325111
90.5502977653606
89.867895116965
89.4443662767869
89.0175574640725
89.5855126584027
88.1097635148803
87.8030348491059
90.8882986769219
91.1069429533926
90.0557514961234
89.2031426939911
88.9936782517964
89.2789353688848
89.3356956170611
88.6333784703787
88.3338759320233
87.2796058215059
87.6934496856352
89.191906295304
87.9962827958499
87.9288012220481
87.208066891357
88.2930003479049
88.2323959066767
89.1880314708125
87.364963252131
88.7527643346582
87.9504349236294
88.8458431857985
88.1963940435055
89.3111754741661
88.6629277521036
89.1468431752785
88.1561747597605
89.3610822153765
89.1515453130083
89.5245153562567
87.8738859172426
87.9572157941556
88.2257914253997
88.2694790930815
90.3379784941668
89.5750062345151
89.1951566558372
87.9941991653052
87.9243440819855
89.3413073182291
88.8857707631383
88.9686679559932
89.1108566167061
89.3139491267848
91.1718321101877
91.07455528752
90.6276298032579
90.5004361998247
90.4086127707605
90.6490987535424
91.0592090717174
90.8664259299506
89.6097018556335
91.5142578218271
91.5459854026836
91.0778875011502
88.918887629902
89.9054999972482
90.0589032642186
90.3205441130824
88.3077869697286
88.4072388115066
89.2977016858292
89.7777665628059
91.0006340696798
90.0721734813268
89.1484301054827
89.2520461627106
87.8255055106713
88.9412983417198
88.0695989428801
88.8921009822688
87.942134781572
87.9186943494207
88.76455828117
88.7808291276005
88.5849068201668
88.7950652679269
87.3729404765129
86.6669753775276
86.8494533712334
87.2422570582914
86.7785879698032
85.7567399133442
87.2659155780507
85.8145562428957
85.5353606928207
85.5998715181426
86.8760105503568
85.0249610044166
84.2500938016304
83.8723164975399
84.2918476175066
85.6582947865702
83.5626514184628
85.3025286474285
84.5661868720528
85.2849925556829
83.5294953393494
83.5312444612847
84.159884026898
83.8780260210394
85.7545809573718
82.6620767691449
84.1472175241468
83.7998251559777
84.7211552038437
85.3899769866334
83.7681025379458
83.8534692673847
83.8177064572874
84.679593148289
83.5902356699177
85.8337775504906
85.2499811375279
85.4193060418069
85.3471596659563
85.0190980130291
84.6666918190626
84.1222383376042
83.8139177577455
84.388297416659
85.5620556053284
83.2302585868217
83.8349134376862
83.8554242562796
82.7847879209458
82.2131086269498
82.8834935869692
82.9132212175439
82.8374084585595
83.6227668179933
83.8658258383611
83.5891613592487
83.055210853753
82.5542271929085
82.87907790276
82.736729962159
82.6212593164436
82.6500343932716
81.9744553250378
81.7076470156474
81.3733566761915
82.0579086124692
83.4441670380376
84.7887741685574
84.6342075806376
82.3793370913593
81.7901246579005
82.7937710659483
82.2166700766115
83.289264500151
83.3890021364802
84.1218114548711
83.9798294862726
85.1800743376134
83.5083567416943
85.0257862502755
84.1806462168265
85.6112854163334
83.6698709708813
84.7105593110328
83.558114910045
82.660992789915
82.65580945031
82.4333418776704
82.5033447621863
83.5724388422558
83.2384800788127
84.1465825734619
84.9408780700144
83.8881067940222
84.9380968838394
83.1840637280293
82.4122797571022
80.4882963402681
81.5235034206927
83.3553054867198
83.7390084480979
83.437999303257
82.9920470928564
83.9139953888871
83.0596651171834
82.698321027156
84.7052511981976
83.0387562711425
84.5562207190613
83.5420997457001
82.0871286657674
84.1859625777672
85.1882055428437
81.756965267746
84.3187147633891
82.6486116393716
82.3361345305164
81.9944835341395
82.9223883054789
82.4991071335448
81.6714018894482
82.4916594733845
82.8540523305891
81.9635728785738
82.5811544807604
83.7084555956745
84.8331911674924
83.04217617975
83.9339177847209
83.6396211114083
83.3017950509666
84.1974983499246
83.9889862218876
83.1617179650062
82.5335066449409
81.8492446747713
81.6242815124855
81.7933349467102
84.0148609837557
83.3040471818458
83.1314362375203
83.4060085663967
81.847959290924
81.7278668788242
81.8885168646382
84.3126329382289
82.0884171925215
83.6431325254573
83.3484278651017
82.4367477765627
82.0572719356249
82.8569769663532
80.8018603477134
79.7652034495997
79.788491739258
78.2830884549067
77.3500825957426
79.5160953606644
80.6059648539138
80.7815084443975
80.1782077304418
79.4519646666445
78.5255160818255
78.8760817849769
79.7953486772099
79.4497825021035
80.9081546382584
80.6401452407298
80.276210745711
80.1119875687393
80.7560333069909
82.3687094628487
82.3246252591556
82.7876918388046
80.221231040675
82.5735746666293
82.5238775076495
83.0530576794463
80.9078763967769
82.6828169192322
81.0175141238759
83.0728020111514
81.9809655460549
82.7864307932008
81.4370159687514
82.0875258099719
81.2490365813784
80.3513856094428
82.3078018337206
83.0465752758655
82.1953742339681
81.4913619444487
81.4287456982555
81.5211111794305
81.4443294616289
79.5761083136086
79.818275883524
80.6629552479622
79.9214929148297
78.9558226459352
78.8215725675701
79.7887295611608
79.6632245597064
78.9708689981596
81.2966077633614
82.2430572457335
81.979049306179
81.2871260502184
81.7164768311407
82.3631502417099
81.6589192525399
80.5596640950251
81.2371445943762
83.0880312637475
81.9417072325046
81.274747572052
80.7407115839233
83.1964024807451
82.4960254914082
81.0254496663319
81.2365559869909
82.926409596949
83.4964274139745
82.9466398940888
83.7360418666769
83.6474193176802
82.4149868588481
83.5873321641213
81.823076499975
83.6514967147199
83.8346192232622
84.0613034868706
82.8141570728918
82.8338785407994
83.4222667541721
85.6018403558137
84.1516346558238
83.0684612785431
84.5901518034731
82.9299809395088
81.4599179785715
83.1326856564935
82.9120692952473
82.8765214471235
83.6745990370276
82.4904244601134
80.1171279636957
82.6823305990378
82.7875711628308
83.4229409795226
84.3164111514829
83.8792972076571
83.4585687786244
82.061235797236
82.140280537003
81.5087694001174
80.2665151526737
81.6339766031994
83.6706275753158
84.2030229939784
81.6684182639533
84.0223466279793
82.5295883693992
83.4637317614727
82.4896407679427
83.7422170841314
83.5024445830969
83.3920354619567
83.2531418245071
82.8925775181088
82.4850126507054
82.5356836258559
83.2714189290451
81.6924151091212
81.7951016018682
82.6091780482678
82.6310976320558
84.4754911571216
83.1935268968874
82.6784138145187
84.6740730714393
85.1620765617973
85.2638702851307
83.1101433966624
83.2831749513779
83.9884489212596
84.7417601045853
83.9531671770814
84.266773272772
84.6485804571342
85.0690982356191
84.9022474714225
84.6407420098143
84.9105850053701
85.6687855048782
85.029027966865
85.2108310386362
85.9828550769838
84.4556526966897
84.5028270051998
84.6120240500661
84.2083488665079
84.2184010178627
84.5765653786468
84.9902744647251
84.3292145199151
83.070699300846
83.9215489597302
84.1551893509879
83.903986705571
85.5688385456932
84.9472423339508
84.749342869535
86.5419002968088
85.1504627276244
84.6956919866311
85.8216472064827
86.1044045058139
86.4876011337289
86.2579484136595
88.3966407308222
86.5279187923556
87.3242543163254
86.4921316003396
85.4377721856007
85.0080334457474
87.5838236272679
86.3300887760858
87.113509134563
85.8410266284788
86.5620813493696
86.6169234396536
86.7827662043491
87.0844493441941
85.8204641445125
84.9507774427599
85.853942092585
85.8306638855915
86.123664127454
87.3733891208267
86.328624527163
86.0700472974767
87.1492506892906
86.0921094620751
86.6064013510421
86.9335632480429
85.3751914906054
86.0794492092748
87.7412395915426
85.3791932643997
85.1312896731766
84.3077705326473
84.6299356579535
83.5905130801466
84.2120000724471
84.8222130025951
84.648497388096
84.8430057401008
83.7216783131061
84.6747212426542
84.4460969127969
85.9872287481145
85.8496312353075
84.730854073268
85.9757838075716
86.8216639280582
86.4745063702352
86.2836086606394
85.9974034414458
83.9686725753767
84.6088519268997
85.3478337963735
84.8509105265283
84.3088283725598
83.4418886073356
82.8253094586709
82.4811862119598
82.4465426401389
83.4050019295103
85.6414883810619
86.2606269521574
86.9738602308269
87.3608010862096
87.3723440081889
87.9446532486716
86.7429147228704
86.3609868718014
87.235685295512
86.3641503354389
87.0520642051228
87.5038637091063
86.8693909494019
87.5174471348347
86.0879687547682
85.623399733336
84.1564341500348
85.1879113393087
84.9433550664157
85.782915697064
85.2479045096918
85.1083281929139
86.034474094676
87.1050944374853
87.3282786377671
86.1531825527558
86.6559240452143
86.0366154942251
85.6329549385633
85.2560658217049
85.2620070691111
86.7447107711906
85.8762135238353
85.5305440111922
86.4680127223861
87.0593596547947
86.3828520514447
86.1403500886376
87.2848518020729
87.2968041946979
86.7275876855206
86.2844667010123
87.6562139659682
86.8236333321524
84.2173774401853
85.8392740272149
85.0680702961069
84.1969183546165
83.9344999164481
83.2565882104733
84.8474758330702
84.4697603726565
82.1167471609315
85.2367582835076
84.4456647097148
84.1073740897406
84.8904505782019
85.4541162844571
85.7147742144208
83.9493866483401
85.2867405064197
84.233604652539
85.2218540475548
86.2226411869167
87.2898223525299
87.3142344716573
87.9293800576248
87.2805452403153
88.3728472124062
86.4156303978137
85.5388494924263
86.5070067310001
84.4095053893628
85.6064983532781
87.0948633783435
85.9854901800463
86.2438966121638
85.8412343736763
85.4451869998137
86.2451638068364
86.6302029411884
85.833955658818
85.7320541017498
84.8715631118845
84.8802619404414
85.151772940733
85.9234179692129
83.78084808347
86.5410412219804
87.5686664313989
87.6398331015993
86.5632472091965
87.2233075450477
87.7604761701497
88.5117952105042
87.3776423084471
87.0549426259688
88.9913396556244
88.547105159858
86.34529617358
87.468476164052
87.7823062185265
88.210175583044
87.7296918545113
88.3091974166674
87.9514197533995
88.8173279236029
88.5161344960856
88.3838771031686
88.182458492501
87.1891455826224
89.6984196068031
89.0282416514941
88.881916129578
88.1774247518467
88.1077189417136
88.6131354532097
88.7290888764445
87.7001131577549
87.8442675163251
86.2138377610617
85.7645319335097
86.0411534439756
86.6669389786239
87.5387918818688
89.265747650277
87.6302823923103
85.1085743841797
87.5958733316953
88.0419177398684
88.6897733276732
88.9440514186391
89.4757067533135
88.3387326935499
87.7885898106387
87.7077633370267
86.783938147046
86.9753998006771
88.2215675824781
87.7069349053341
88.2521007783304
87.8375572497594
86.6493941757143
88.0012008758745
87.1756516346867
86.2010193788266
85.5993320387928
86.6787175817113
85.5727879562384
87.195874384852
86.8424222593437
86.6908296028418
86.7564462021531
87.5887230390816
86.2712130318799
86.5404085418928
87.9422700989175
87.7707141834902
87.5054439818607
87.4924234658658
86.2268308940594
86.4807682600985
87.2763370308456
88.5332106249585
87.3851901599309
86.6384806268744
86.1875415469966
86.4977326518833
87.6334004932206
87.5705997468527
87.935698427478
86.310899665736
86.482828119441
87.7078155224292
86.7262606424177
86.9836885696659
85.9095687397441
85.012578312037
85.6624516717402
85.59682291246
87.4855408243605
87.3093706442619
86.7210014754948
86.1249036418728
86.5178023264642
86.572616023797
87.794809385196
88.7021634678603
88.2355410930778
88.9108716947105
87.8434076890537
88.5579824299149
87.8991802626709
86.3708546271589
86.2632040103006
87.4441342564164
88.0188897414613
88.011051849988
86.7080601186189
87.7528090038795
87.0381713061516
87.282393997247
86.3583815479695
87.0551979409144
87.6516184316599
87.591295205966
87.6695746788113
88.9293403769557
88.1287741552456
86.8280982405653
87.5753170655549
88.9630275947448
89.4887128192202
90.7134110656011
89.1481824515148
87.9769211736708
88.5568251130873
88.961624664636
87.0785217436475
87.9026637416222
88.4632490864418
88.7004112583812
88.6430493893478
88.1681666892409
88.9860999161693
88.0712872874543
88.55258552739
88.0855645097161
87.832494840352
87.471396806965
86.6933761208614
87.9981079785164
86.8966964945708
86.5522026579545
85.3888824799964
85.34404341418
85.3687224342624
86.1902459584439
85.8134995661948
87.5809060818391
87.630488174269
85.8540084302765
87.5452702245839
85.8326629208798
86.6373872929855
86.9438268968264
87.7135067199025
86.8388965034244
85.8502554615319
85.6940342270088
85.9400043258139
85.3961812906054
85.5767321541295
83.5740598622911
84.6765208338453
84.0749328075829
84.678832118538
83.666656572557
84.02865656963
84.8702955923512
85.6179415636798
84.0993443926219
83.8817865138858
84.759227332815
84.3428749273841
84.4634876782437
85.9570538380942
85.0018778710048
84.7217163143853
86.0775386043602
84.4533347973367
83.5615528463766
84.2487483151976
85.88938993926
83.8572572162946
84.2419633963101
85.4804559472213
87.2098683479672
85.665795347704
85.4834184410744
86.5923651373754
85.8829702147784
86.1214261457697
85.2969099418318
85.0960233108888
85.0467109572702
85.2641572314055
85.0097254002463
85.6100316679974
85.3734716812006
85.17743243436
84.7506630347251
86.6171251466704
84.3227529331683
84.8179580443389
85.6166512522321
85.6344707722385
84.2970606102707
84.5044813063187
83.7417593129198
86.0220689371485
87.1983158586763
86.2246961585053
86.3520365304229
85.4866862878486
86.094286418979
85.2255442245708
86.7947387145947
85.9372225306945
87.6264111999626
88.6283693417748
88.2963417363643
87.7005960386818
87.9026660206286
86.9438346007256
85.1055341593763
85.7724320634975
85.4012373822228
86.9488331869059
86.5364891545247
87.3700591499288
87.2671114681484
86.9934156047348
83.9504294234638
83.4879208135513
84.7952229184973
86.3762797076023
86.4386124252088
86.8946915295937
85.7976325852155
86.043277475035
86.036861885842
86.3785568798105
86.1927244572307
85.6536480274051
83.469426866076
81.5625362212285
83.0814598028563
82.3601168064107
84.7792645276483
83.8295895788704
83.9087506618748
83.2049127099773
84.2380354348871
83.9541738817143
83.5628701959006
84.6786278975543
85.9793658612856
85.0716743572275
84.5615152921419
84.1178165978808
86.0609352659368
84.3864866235362
84.9981354710278
84.1681134815451
84.0346342379124
85.8299988451604
83.078265545308
85.130216943214
84.6722533924595
83.1146610003994
84.5361598247175
86.260927476131
85.6210957170525
85.3253202751987
84.4158031405635
84.2382393571095
84.6671838949591
86.1878666000905
85.3006790766583
86.3154004771014
87.0587214768823
87.2526464944052
86.5974205970296
87.5832508054801
84.8653520100458
85.0656171182389
84.5979122314568
85.2312642476139
84.9864164923851
84.3010788201475
87.3362939656583
86.963991812754
85.7476686761779
87.0603780531932
86.872171101961
86.3376559581062
85.2729379986371
84.5235443943142
83.7437009918019
85.1451189204219
84.1525149053399
84.2463364923534
85.4600029846163
86.0270683408483
85.4234115966869
85.777530148881
87.7257029859049
87.1341669416718
87.7976267341253
85.6704031706268
86.4547419599611
87.2549626623403
85.7449430505768
84.5797375308518
83.5860002668478
83.3332896854968
85.5078408313688
86.5102572102773
85.7863332778183
84.3979054864494
84.3436399800134
82.9718547395162
82.2164701981151
84.0317729384102
83.8771766153007
84.1139718648142
83.2751696692249
84.357471210413
84.959017794798
84.4164437272397
84.3244696052053
84.1232307076285
84.3536618727965
83.4192978869467
83.6561190978979
81.2700019917673
83.6085383823898
83.1385746805946
84.2825956530734
83.352648392446
82.0936024460651
83.5105023432368
84.8083877190832
83.447836316724
83.6042086224437
82.7098404472298
80.6779282610318
81.2060384255834
84.3534764243347
83.5145126608978
82.8225373196019
83.6652155480879
83.3256631358697
84.0740514402672
84.7747202067673
85.1623185499534
86.1463957678423
86.4433762464003
84.3672013980851
84.681536928549
84.2707828735967
85.7798657149134
85.4816291313254
85.868717491088
83.7908545740331
84.7072953360938
84.4117254397376
84.2611739667954
83.1664823305142
84.3623592505292
86.7848656632565
87.1149954860639
86.5567584526915
85.7616233320711
84.6660112675447
83.9432403850898
84.4809486480956
84.5586678394382
82.9419524049453
83.5338790153249
82.2479928870466
84.0600384451375
83.7845977218987
84.9721457461035
84.726923422126
85.5380942143496
85.4611721671768
85.0884470377973
85.2650592097238
86.9644674912687
83.1487044413016
82.752252224137
82.9863419563218
84.149042465848
84.9540027283506
82.4199955196888
84.1095448231003
83.0774618332785
83.9195801138927
83.7102527880067
82.9995979615343
83.2437277704405
84.5923121438108
83.3730544705346
84.6953083588854
84.5767553151985
84.6149891438797
84.8056764895968
84.0991519341759
84.2154932094025
84.0475098371332
83.3825990477749
82.6710197334182
83.5909869977956
84.1912568070517
83.3569663635345
83.0126950601521
83.354920476786
82.984265089395
84.3391733727321
83.9847616514056
82.7752364426431
84.4930040126298
82.7935529218047
82.9681924389023
84.0094202014425
84.5093705944207
83.087770381004
83.6419108669954
83.4717515766825
82.9236022196336
83.2334906332025
83.9394737650799
85.5189572108832
84.0657266506647
84.6402321562779
84.125770412433
82.4658991155745
82.1268581559484
82.8276689883712
83.2798604847435
84.3733864636924
84.9205585420294
83.7705773769056
83.4091456025652
83.2504569313735
83.1606968656491
83.3529362466406
83.4670385694953
83.2170962768631
82.9827449239679
84.177993616261
83.8998941880374
84.8261365174688
84.4586874480927
83.3296634663865
84.5210541628623
82.8051487150484
85.4964232002331
83.8754694273951
84.6356269880956
84.4826249201227
85.0477533171788
84.7221654678685
83.794337280955
83.8678517563457
83.3802811640753
83.1064085730315
83.7290694180279
84.4155991237934
84.5515421691138
82.6041990323118
81.6794190415378
81.3620293479009
82.946111281079
84.8958277623899
84.799401101582
84.1261247945016
83.7306109064681
82.870182925292
81.0015657603814
81.5282181930138
83.4987490428009
84.0336968375151
85.2258227330835
86.6540193456563
86.3038414439425
84.1103920564351
82.8309744204469
85.2979845149607
85.3992047153553
85.8033230163305
86.4587960105046
85.9178822897675
86.6159027604689
87.2630600317402
85.9272534524783
84.9337360121405
84.9465925584545
84.4457345048488
84.101045016299
81.8316016732074
83.0441681282131
82.8191460731543
82.3993909906118
83.7702522700852
83.1111025636734
82.632757182563
83.7258014050922
83.5781779831158
84.1787381719089
83.9553761223543
82.2421686964273
83.0245969531085
83.2752538491112
83.477100600535
83.4206201658303
83.9816810759979
83.4455869873756
82.9462677049297
81.4474807181779
83.2435714649944
82.0963000675265
81.548159418978
81.23853893857
79.9470676967919
82.088526527804
82.2549029381109
83.3145479705387
83.3869736332015
83.5709546699264
81.3376751080984
81.7797285873909
83.0930381409832
80.1664238165588
80.5622357938228
80.8522935072681
79.5113623220391
81.79766293019
80.2163982980283
79.8748893242094
80.184454769026
79.5046253419981
78.9425399536756
81.4422974844542
81.5108682100065
82.5096098596317
81.4346750141795
83.2847613145914
83.0063382197893
84.089184728101
82.6092938261531
83.1671694883681
82.8621434744599
82.1723421498469
83.703237547768
84.1230919634195
83.8291951115365
84.5113759113808
83.0923782742703
82.9312546361471
83.2159297979999
82.9032931800386
81.5491875700767
82.8433008875714
83.6452902744576
83.6778463684987
83.2641494062944
83.8690856273328
82.9495264330451
84.0820511985504
85.5885437691597
86.6229594459093
85.3661413595761
84.0086135667142
83.0721078067585
84.2368734530722
85.0895101115627
85.2128599409919
83.9548334450869
83.2447113651726
85.3746663954969
84.6813925245059
84.857170707596
86.6706346620921
86.2401189274501
84.546035965787
83.5339585793294
85.2576363463148
84.8413046687101
84.734624487844
84.9065218489402
86.6161735836793
85.7078590548023
83.0218451291157
84.1761332867553
84.2168814428099
83.0486895354878
82.0210368392585
81.5859024229405
81.6786079571773
84.4082673593861
83.666704687659
83.4840274956663
83.4754676729922
82.7455468600979
84.7248121293513
84.502276617135
84.5071420819084
83.2425117016491
83.2808065038777
83.4800426829482
83.4159625367318
83.0909491610935
84.1141690875473
84.546114067716
82.9165833477886
84.3414234387203
83.490471755292
82.9822336449997
82.651188308036
84.1287644109215
84.2209123495516
82.8833878387564
82.5300259716222
84.0344495258562
83.8276190868815
84.6512334230511
85.4215326342411
84.9851267676601
84.7356258669584
84.3208600885277
84.3561182693455
84.6837800216989
85.6377725507061
85.1652856733574
84.2682747141448
84.4731724213818
81.4284214954074
79.6323445030982
81.6261524284054
81.7376379237386
82.6069995126305
81.3356820467729
81.2284300617626
82.8045398975027
83.6560513273452
81.5600315429518
80.7956789468967
82.9816711356409
83.9933922871031
85.8089036753569
85.2172852051666
85.6847249275701
85.0155770753971
85.0832967809217
85.2084289269378
83.4204241624845
84.8448875429098
84.516699928434
84.7252087579108
85.2709611452607
85.5693723760183
82.958244594718
82.8752003129346
83.6381362298719
84.1254045288689
84.195202011927
83.0102824269232
83.5671223884872
82.7652291790602
84.8409932555697
85.0004644831557
84.5032920462117
85.2439357724351
84.9550493855371
84.4449296877194
83.8014846726919
83.0091312021812
83.0164720725853
84.2070061958441
82.1353360467948
83.5046107777435
81.1817922743624
82.2057810729779
82.1859266830747
83.452883122509
83.5433196402995
85.718821778429
85.0953265432924
84.8530710856802
84.6442632146691
84.9473157276596
83.557221756787
83.9075370481919
83.6595258385055
86.011789744567
86.4190294369517
85.2872559929577
85.8991779669316
83.4709529881273
85.3123922403669
84.6933864658049
83.4796511066484
85.5894682353785
85.0767323646206
84.1834014535502
85.5148165004859
86.0969622473327
84.9421181482691
85.8180169007147
84.9182629150176
85.0926444003933
83.2506771964792
83.2538772001218
83.9600152880394
84.9630161110688
84.3398980184713
85.1003559512779
84.7933513894064
83.9480699837774
85.4864915564968
86.2999865071704
86.0239551941603
87.5207878409257
86.6015952357249
87.7344772952515
87.1305450616451
87.6128984836508
88.2808232755438
88.1960303560242
88.3475870216462
89.4936832346838
87.4170648288525
88.4630735138747
88.1156832898767
88.8628116397489
90.2521630187881
89.0479410228849
89.7648862726028
90.2808874826033
89.3425145963617
87.8049382083034
88.6149645780232
88.5427535777902
86.7772423712154
87.4480732495316
87.5197625358712
88.9750284217168
87.1262312935155
87.6948830738551
85.9318967388361
86.9881769664186
87.209380402518
86.5446746343458
85.659225140007
84.8831598408426
85.6391869637103
83.8099067229916
85.9323812710023
84.4325476710527
83.9394381667837
85.7023517032361
86.6229722809493
85.2637394144856
86.2219971324537
85.3837262219979
86.8349124035389
87.2767658305301
85.9742018736619
86.3685692954681
86.5318412164215
87.309854036446
87.4718452300246
86.9629661679648
88.133035623876
87.742223600493
86.570868999045
85.7163965903407
84.4767746418977
86.4554188631969
86.2057565491071
85.7411536120974
86.8487221003759
86.8331265043225
85.0198872389456
86.2683795053974
87.1473424472321
86.8469406121833
86.655868126417
85.6518161812425
86.8011377857391
85.0290435657162
85.2464989067773
84.1696850569719
82.2287087139284
83.8264220953334
82.4796952129102
83.5608935459576
85.5895502062583
83.5025871240756
84.4443413628361
84.1988934584305
83.3878382404287
84.8039290550238
86.3654157020324
85.1531247304057
85.3877393497462
84.8181316836962
86.1696664273969
85.7969263825545
85.8337483414586
86.8888648349411
87.2131474207949
85.9746968877887
84.997979467717
86.9571497475614
86.0834513138787
84.0985883327834
84.2322964933489
84.4510619715047
85.1639050729437
84.3914576376869
82.6321254477423
84.6453704934266
85.6836643958434
87.4147806042006
86.6658540867754
86.4029875159222
85.8639936454742
86.8638252903722
87.1358603055298
86.332961160826
86.2250700959214
84.9369019034248
84.4978255836106
85.5161639711182
83.7751467936494
84.5048056509405
86.5718401446564
86.7452554869601
86.5855836898345
86.8166259213035
86.7659620376204
86.1809138182771
84.5071572440318
84.941159377963
86.4469617746492
86.1517597138205
84.6015276474298
84.1535486613256
83.7393595313121
86.9668409660988
85.5266095162225
86.8765860024122
85.1969125590772
85.7741702339797
84.3730799521336
85.6099687810488
84.7407184672505
84.2644523968745
85.8855418515436
85.1076461432714
83.9953804318494
84.6364913068979
83.9736533811607
86.1584216737526
85.3021687061995
85.1927878743541
83.8022358376488
86.850269784477
85.8893658372483
84.8904179882671
82.7304120421772
82.9884921007875
84.52938304843
84.4227174493816
85.4821579960001
83.327981347055
84.6367466797233
83.6306921075301
84.1986629367078
85.7992250739809
85.8938587780227
85.7345146815355
86.2572981251058
86.0455941327538
87.0943247922936
85.8956875240401
84.4371910730449
85.0952212904448
84.1927583434728
84.1141935717436
84.2895334164731
84.9525894323251
86.0130093483502
86.6477078398146
87.3312142557667
88.2302901308929
85.9189418198596
86.7096592027138
86.7089761501856
84.1861191570708
86.2330110747538
85.2181830587456
85.0913068355837
84.6887535743653
84.1464339336456
84.3937828717703
87.0474502545227
85.6918957717625
85.7556343761959
86.3943281273379
86.1198448718263
85.5646088937044
85.6063983049559
86.1836418648638
87.1340151685605
87.1666371636883
88.4766161832446
87.7624703943166
86.3921506296787
86.9089898853022
87.2607418025364
86.8203743981492
87.1457573143411
87.9466766242506
85.8499925168508
86.0526005048434
86.3338796690237
86.9300562684923
85.4113459725781
85.8296438766595
84.7762692194924
86.0244955775378
84.7550039981369
85.9916349856713
85.1683098216334
85.0052248169349
84.6939043408304
85.1003240538043
84.6900564504701
84.4282077637906
85.5441302708033
84.3803164264971
85.8052226657294
86.4992418316861
85.9581266237663
86.3166284923161
86.496455615796
85.0224068126672
87.9200118711026
88.04486949934
87.6165337966075
84.457948647142
84.3074675904808
83.7044415587168
84.6009617014588
85.8005324335245
84.4559868066241
84.5664408242728
85.0110202492389
84.4284244329087
84.2345668563529
84.8715099574005
85.3413773472055
87.9504830466184
87.9326193272128
88.2490220490088
87.8800754617834
88.7283846765582
86.5344378617059
87.3667578147811
87.5157833552632
86.5360345925128
87.3077240771108
87.9701277636009
86.9072450761358
88.7974890872809
88.1376379922393
87.2374702581812
87.5458155748785
85.9544702697486
85.8026255902533
85.7933534673621
86.5945283612655
85.5772797605939
86.0116072367951
84.454128458746
86.4339825544426
87.2408935400701
87.3504839275276
85.8255317238459
87.5261191449503
86.9155112911739
85.5053420271546
86.3351123344457
87.591311943137
86.4942108407206
87.5687020482784
87.6411976714822
85.3865290567112
85.891746096472
87.1017298556835
86.2385012619723
87.4342508667706
85.3139948122854
87.9645916460092
87.3230355944739
87.2521136802828
87.7686305864127
87.2080992709632
86.4248325716853
87.2927518714547
88.2823753151505
86.7094438247406
87.5847780350727
87.9115322432532
87.3948776756234
88.078935932995
87.544114932004
88.3641060592768
86.7568188878591
84.8480262626591
85.9098874199079
85.7198241800561
84.9784595568793
85.1041586447862
86.859052951706
87.3681797967938
88.3698774647665
86.6275542814807
88.134046873247
86.1028807599303
86.5509014377302
85.9021038780973
86.8232839657328
85.8295603590514
87.384586890425
87.4252684265258
88.8631587920794
89.5461138744694
86.2967563927975
86.1795689106261
85.8106267056144
85.4220635239645
87.0396029220478
87.2516451045214
87.1071880666772
87.162264134382
87.0977197714014
86.2933703141676
86.6523151631244
85.6154275876776
86.1490000658574
85.2216719759086
85.4774682855876
84.9346620236743
86.3911714346812
84.9554879915394
84.8753573188973
86.3790601127671
86.7706213577506
85.2280922318727
85.2027630699283
85.520067504526
85.1801820655818
85.5618268673246
85.2545218828873
84.9622316371508
85.3920012854636
86.0777883808175
86.6614521413215
87.0002408140499
85.9595667779551
86.3863076505331
85.1882827222668
85.4485702384716
84.0652775463679
85.9605804987521
85.7067974938299
87.3886264333745
87.4281658744359
86.4747410804685
86.7264632839885
86.7610884947676
87.1634071088286
87.4685705215961
87.1801057965977
86.5398185294281
88.1487924154547
87.911958421894
88.2043813331426
88.7668972507017
88.5251475503753
89.0685007528679
87.4619924322604
87.6604429186192
87.5206124441301
87.3507976049595
88.4340963872507
87.8980426570626
86.6153411049832
87.2656404369835
87.8128486494419
87.9037383324579
87.5026507639285
86.8800784809
87.220499607603
86.1489632348688
87.6924846227677
86.7901202135666
87.0343880667501
87.7262772562381
86.0476244580198
86.8187775605883
87.1636494505409
87.981687715011
89.1158664318711
89.852634441275
91.1648388141648
88.6628134102871
87.9329830805749
88.451206857723
86.8007763916075
86.1031909944848
87.7384517475051
87.2117200351085
87.6415889710047
87.3188103425776
86.1734535987296
85.5512822125417
86.9808209215575
88.2800436248056
86.8241218791036
86.5597828092755
87.2735855421524
86.6836586030698
86.8107575753442
84.016250309288
83.5084473135755
85.1664191973516
86.067711041777
86.9884295785752
85.6710939861971
85.508435912207
86.342406706803
87.5696736363881
88.0147881716028
85.8458344913574
86.3532176023721
85.4812420761038
86.2476376816834
86.5820664747454
86.2727191891639
85.8958447056621
85.4552291033209
86.5051895911069
87.2046981061625
85.9274905331886
88.3906402429984
87.5669696764457
88.2571829695752
89.383852392483
89.8760819213552
88.4176369176007
88.349203766398
88.8987872975805
87.1492516460727
86.787390183518
86.6537968238048
85.8820703686299
86.9350527034724
84.9295180174847
86.0247781508887
87.3986962347108
87.351528819521
87.0767517406939
86.7566682549368
87.0231381107541
87.5557781143462
87.4429316957017
87.6391260594724
85.7990497225869
87.2202812434615
87.1446828753035
85.5439796904979
86.4891327704188
85.5854237675627
86.2239894046617
85.3180974350784
86.6300070658729
86.7169329756523
87.7499252563936
88.9004275757903
88.9165027978771
88.3189872482706
88.5255851872149
88.2990979686033
87.6318984934784
85.979632000884
85.2857360413574
84.6329772256264
84.8280100762999
83.926079750999
85.3186350742399
85.5904046007399
83.8856687945394
82.6775903353277
83.39589203203
84.5992323728707
84.1271603814558
82.9339671178715
82.2294792917584
84.0644132459057
84.062234214895
84.564592859112
83.7828672827427
83.9083387594247
85.3459745220756
84.6129592343426
84.6135898132638
83.3140822269005
83.5397861056156
85.4038303335469
84.0327124033663
84.9178634456877
84.443089887666
85.0876137992207
86.2105462922904
85.8699492341406
85.1214731452525
83.8431967226686
84.3272808598512
85.0438696796361
85.2458032389113
85.0893347905157
84.6023492716838
84.9702797305079
85.0648788095385
85.4581107164989
84.3909094826286
84.9118375850187
86.6502105004258
85.176397633096
86.8569256906745
86.1259577271139
84.4794520764617
86.3411844139255
87.0587505221158
85.7791343187039
85.4939162874903
86.6650617981401
86.0002510391938
86.1145496280532
84.9775970180818
85.3475827040445
86.4346812148255
87.1328820001445
86.4608590026838
86.2501379599544
86.0740834119161
85.9275196310019
85.3272547951079
87.3238154192639
86.4605196081201
85.8973712934827
85.7301142717543
84.774809044219
84.8305511674109
85.144406090715
84.1341124004763
84.7124332068959
85.5950445196566
84.3289866223101
84.710004884995
84.2962700109586
85.196292033463
86.0387923174523
86.6326399677548
85.7892766147419
85.5374904270037
85.7059683761191
85.7536222213833
86.9626855178261
85.9775582013462
86.7384493013572
85.9675433483811
84.2601245629501
83.6793264725515
82.8025205458792
82.8064362423888
84.6985249365928
84.3170094368026
83.6266534549974
83.6134570693291
82.2930910721747
83.8676763590768
83.7270244854405
82.1934242403428
83.7840745098175
85.4703371901891
84.0266602465402
84.8903856333156
85.3527164559132
85.491610013338
85.0262505301381
85.9197924289655
84.754217436152
84.9793064168554
84.5418819026999
84.8127018583757
85.1325738986986
84.6846153438794
83.5438814909311
84.6302550631009
84.0725161068437
84.3737157556437
84.8248966670921
84.8418170367131
87.4255145729382
84.3522716449673
84.8605711300408
85.159663036163
86.0305841346696
85.1985765309807
85.4581576142458
85.9168305233751
83.7275687972407
85.0046140770693
84.5318613327733
85.6288898201867
85.8941169671581
85.459188559563
84.6559550766167
83.7534702508196
83.3073751341629
83.4023884347387
83.3446511873697
83.1421392694109
83.4290803628654
85.0204746619245
84.7558720303144
84.6136235251189
83.8457090933194
84.3581970195296
83.7795267200803
81.2280270390347
82.33353555062
83.6148148603434
84.5260712362635
84.3556058790041
83.914535099102
82.6072599423647
83.3344803912829
82.7922852789046
82.1566722204752
82.8044557192894
82.477032088468
83.6292134153247
84.5102248438761
82.9532354919472
83.2315065747644
81.8680608725352
82.5737714141465
82.4739404367274
83.9460011837768
85.0839530664213
85.0928155906297
84.5750873238343
84.2433926523594
85.3832356862514
85.127890733956
85.1918202047064
84.2234808515372
85.4209692417523
85.6531955179501
85.8380033370211
86.6405730556503
86.0590208383948
84.5687690089681
84.8513126232473
85.1223424453523
86.3950956345363
85.7439726997974
84.6150785828564
85.5173818212903
86.7644652714255
86.6920611613737
84.8755137079024
86.0075004849709
86.4302274939769
84.6036942914471
85.1610062475123
85.9701944937848
85.1944729391778
85.9928925928807
86.5089791315613
86.9100450673464
87.8971855688929
85.0852423973485
83.6312332416714
84.3402368639276
84.1557904039076
84.5603790452029
83.3343027508484
86.1079242832952
85.4246719038189
84.4075208440364
85.1091068926834
83.7661487476169
84.8258800002792
84.448507407717
83.6570303164714
83.9186146508549
83.9153183645889
84.7426483574917
84.3776144876886
84.4740481537016
85.6536758540509
84.9678868493947
84.5408841785992
84.6925856638247
86.2039838882839
87.3255187784894
86.2270053693052
86.4793743847052
87.3422285422111
86.1570888208076
86.5985734762227
85.6642629115824
85.5832787809366
84.3701066542513
84.6526883919381
84.4226503380955
84.5019162480851
85.1916175991234
84.4701233028355
83.3793281834638
82.1024445653166
82.2230414688965
84.3211598487723
85.5418577237899
84.4271367198603
84.1952696360855
84.3092779110555
85.2099090093242
85.0464827211077
84.9082865915626
85.8163852150316
85.3753302055666
83.5043278729488
84.3346694587104
84.4335233829312
86.338706212895
84.1823948291212
86.0898855026751
86.3221355242773
86.9358592187515
86.5410203526549
85.1223803281119
84.8889225772273
87.3591330564702
86.0519927405739
87.0862501056038
86.5047444824976
84.9456451244403
85.5527118417883
85.8136529655258
86.1566343383345
86.5708266932834
87.4187957798343
86.7720119277429
85.541599186666
87.7809150185304
87.5742579160635
87.6333635599614
87.2121683147969
88.1302623435231
86.7574454486538
85.5263705307273
86.5426320177437
85.4300347361753
86.1254235542846
86.0093004544335
85.9962178285164
85.8299653449943
86.0888054052556
86.5979890115444
84.5948346722131
85.1976617397037
83.8880456861702
83.2847021388475
83.6486599327027
83.7501899843697
86.4719996956677
86.0612159207001
85.9535294789611
85.1110934713773
85.6006422483762
85.7892467432414
85.1209582999085
83.6730191809335
84.4953034987633
83.6883742868086
83.4481630817486
82.4792120987381
82.1744596906036
82.9179734874272
83.3341510794656
84.6124807481703
83.6253114028332
82.1013674487
83.1410509817338
83.8378218852663
83.4445784964198
83.5583797935836
85.3342431787436
84.229315077924
82.6098113142011
84.8032327455873
83.4815491862057
82.8002947267794
83.0265579587325
81.6728989606782
82.1883512478214
83.519780590449
84.5486807133852
83.6431090818573
84.5599082042328
84.2081307665843
83.7317733382987
85.1358882942021
84.0743252257446
82.3184551702402
82.7765214926893
82.9963501880142
83.2025962992997
82.3619588740242
82.8224953811536
82.8700445202342
84.9443137045084
84.5042165573394
84.230633988122
83.3960373865076
84.6533538146492
83.7396727820293
84.2866365421102
85.4960648061848
84.2343971997095
83.8899637964846
82.6668687636599
82.2743667761388
83.2866528221687
83.0947817632414
82.3335271896637
83.0779401326351
84.0597970401486
85.7504016654309
85.2424683091474
85.8923310230671
85.1780569352201
83.9962812853946
84.4593499109297
86.8566056444463
85.4566362496125
85.4196337861079
84.8070723786003
82.552348338758
83.2037874715004
83.0737107246904
83.7135926064517
83.5808922111369
84.675891692661
84.1785371194566
84.0361618371755
82.1142336778576
82.9853977217407
83.1997273349322
84.7301642852091
83.1958556303501
83.6681620645429
84.6100045003354
83.8077620969521
83.3683071323174
85.2046932654074
84.0741387865671
82.5295138100544
84.816327908208
84.8137354037488
84.2383456801176
84.1203895149538
84.1657343481968
83.7757910840791
84.5019327538534
85.3334622617766
84.8827210071552
84.4534045705883
84.8458978613051
84.2183305039142
84.4627069133467
83.12796989593
84.0857574001827
84.8413176767609
85.8183972549
86.7127095238589
86.5682104629457
87.5153335166822
87.4241279782508
87.3436671330941
86.6806477705997
86.5653841996517
85.6857892339538
84.5637074136339
85.2846714272022
86.4536269082437
85.6316588947535
87.2108402052684
86.4134745157219
86.0458093479219
87.2897334890874
86.8964482714996
87.2773553400283
86.4877054634948
86.5701320728868
87.1222203850817
87.8643253000873
86.9614558226836
85.8865360715349
87.9509215046122
88.4453905145151
88.3530786401653
89.0192115878778
87.9294852776079
86.6854021728652
87.3194602088889
87.7928070361674
86.1165331755705
86.6676963402052
86.5906180906656
86.1725607621117
87.4569741842541
86.4946973453856
85.9040671057078
85.2362332598534
85.7279072533471
85.6237990896784
85.64450057764
87.3647429057592
87.9436849198497
87.4166158755766
88.7544146559789
87.592308310058
85.131074492044
87.308941292629
86.6267043433244
86.3431834210391
87.6719188623145
88.8495549025937
86.4958683218846
87.616247467727
85.9667215486953
86.1055610255847
86.9775491443557
87.0899433146552
87.3503968597577
88.4084213086244
87.1246532066147
86.8841886074897
87.2683221314812
87.2638324752583
88.1379308563871
87.7986537253217
88.4191101741711
87.4557043704421
88.5040249191711
88.1156706391566
88.071100494105
87.1618755565398
87.4657499084347
86.9353445329844
86.4850076812864
86.6140728917886
87.3251315258726
86.1950410295604
86.8066919271326
87.9228006175825
87.3934433118958
88.2975989584524
87.644282012606
87.6832317269959
85.7915939736156
85.2591729252919
85.2799748383103
85.1009925929317
84.3939164532348
83.2690352331894
81.8728081185876
84.1154147601159
84.6793392821335
85.8327407927085
86.4941743433317
85.0647024250939
86.3436774342917
84.9672144816521
86.0780494925346
85.4479594164933
86.0136009076689
85.9261593098356
86.8001930695163
86.3049420542189
84.712592188098
85.9599879309577
86.5035782596093
86.5379335148851
85.6461066832246
85.8341924832945
85.3008574392492
85.4042229621754
86.0139268198069
86.1503421946196
84.6192130587064
85.4711353824584
86.3717030277542
85.6525718784876
86.2629367737527
85.5079042661797
84.0134442481629
85.326293768297
84.442398714033
83.4414840132478
81.544578588329
83.1506901598269
84.4156474571812
83.397173715707
82.6549785828256
83.7243632949565
83.2525826995015
82.7959507659441
82.1523874929557
83.5134173712271
83.0874564412232
83.1838397051588
82.771065263881
85.3606761879135
85.2477524527892
84.0431573969504
83.5219302885061
84.5438311851936
84.3630895035293
83.7618972042059
82.9031677025076
83.9043703905284
84.4783581697956
83.6342729774361
83.4791333221436
81.4927142349535
81.6807171817082
81.8572028767784
82.9787907541656
82.9931056390833
83.2295219811948
83.6147472265554
83.4234793114149
82.3283956406717
81.8357553290642
82.2522208805481
82.7760726617287
82.700905499611
82.7020178806096
83.5088633773852
83.1511034472576
82.677098147518
82.4403931968949
80.6842359855613
82.1778598201962
85.0859043465429
84.0316037146263
84.2732429853309
83.0938820949955
82.0451633185151
82.1459397297921
82.7137285444187
82.9251935752004
82.0529743087882
82.3394422502774
82.7909593496138
82.036517116273
81.7863688299859
81.7616042837326
81.098345181312
81.626351637469
81.3659184588122
82.5099567563173
81.7337616988058
82.5664105396459
82.4021238566584
82.7133039068332
82.0868904128796
81.7834495312848
80.9695264398295
82.0762449739095
81.2449765436443
79.4573637834509
81.3514455733713
79.8083812078681
80.36965671293
80.9750180227716
79.348357588034
80.3970632359791
80.7389307001042
81.1816393783705
80.3266635586141
79.2866583902448
81.1615502785016
80.8781110181912
79.7880982253503
79.3430032280541
80.3111356405468
80.5052226862789
79.8508668000703
80.0978383840425
81.1092228461312
81.3162271753132
81.1519042404582
79.6048742734874
79.7797888582611
80.8138111082679
80.8219016999508
80.4595893772437
82.1382696651411
81.2040564921442
80.6170411284752
80.9613071197583
82.940948939793
83.3270939562539
81.5303826673241
82.2546825017641
82.9880162273142
82.0015678026785
81.4623716669064
80.7895254048728
80.4549853333559
78.9823978218988
79.3034733012805
80.6285163078725
80.1294862708438
81.9299901207385
80.1513715918516
80.7213193749838
80.295267530511
80.639177736349
80.5882424161901
79.9140277279674
80.2507933616259
81.6976922386252
80.69693321181
80.7897623415439
81.3612383429762
81.7542226506237
81.4156305326193
82.1062936810792
82.2212367088008
82.8788221783236
83.2210916402489
83.3738811755485
84.6062039688022
83.6764940887349
83.6939914220871
83.0595297184399
83.4205852448536
83.0089818570788
82.0314986822421
80.901727295029
82.2279141399181
82.6225021228549
82.2889794027467
82.0983217621986
83.5372051718304
83.3817748959505
82.5915865242114
82.4902885796046
82.5753215881332
81.7854189883751
82.0696961139479
84.2766564357736
83.5768200175127
83.6073052443994
84.7279551257692
83.9459696810342
83.2635961651545
83.6123215851421
84.2822900086801
84.3845664004208
84.706720297432
84.1986753440307
82.7660039374419
83.1976548203346
83.5343359711452
83.6393352081968
83.7869388692776
82.8507344295172
82.7867367662416
82.694886570751
82.636985313868
82.2916933923303
81.9523254105859
83.5229859308299
84.4246929084253
83.3422480694426
83.0588558995399
82.15747655609
82.495838051636
83.9121929732141
85.0427946688136
84.2489709818028
84.5983930487594
82.86526255233
84.5510540608208
85.2812357180542
82.8294169568498
83.089392016908
84.194994111005
82.4526317158107
82.7242653970196
82.3452154529949
83.393445625957
83.6379424930149
82.9044225901219
83.1218465063438
84.1732712606379
83.3885885530268
82.9218555145874
84.1040976275377
84.0273427313967
83.1124096571717
82.0923277970316
82.6751275352903
83.5708995517941
83.1718351515159
83.7084854306455
85.3251973486972
83.2201892097571
82.268912817961
84.0837350964286
83.955134143487
84.4617672799569
85.4264426092375
85.190355109793
83.8552496422825
83.557596892016
84.7978536846304
83.1092249317473
83.5692268681404
84.2935747743354
84.6811838108788
83.905816571465
84.2524454739746
84.3111104433452
83.3899030162192
81.6368868232262
82.7834380910205
82.3178213900328
83.7368209951312
82.7256099031417
83.1225828837213
83.6588621522823
83.9875668709318
84.7171278920272
84.3449508352672
85.9652976293164
84.0350416609296
86.2092718697398
86.1021094243153
84.217785339889
84.9191130177778
85.4062843523377
84.4541852053011
83.1586311667981
84.3257215614748
82.6459976553098
82.8539274437882
85.4994821396964
84.2999276252808
84.4445498273361
85.6372346532306
84.8879013096497
84.5727502279369
85.2426326833931
84.4404853047832
83.8441105635272
83.9942882027886
85.7962647686742
87.4190280951824
85.1971423449141
84.2501668683406
84.6851926194552
85.1768362120422
84.8482249753102
85.3734115720844
85.3882899505796
85.7231957168509
84.1660080589659
84.3043367669287
86.0767401039516
85.0470036385637
84.4879193501369
85.2352024738928
86.4142097326674
86.2099245862628
86.1341727571267
85.2948778119634
85.7915389453232
86.7039120627907
87.927333390965
86.6300200667427
85.7665073651731
86.7290247587981
85.9206930535491
86.3952182804436
86.7040816486232
85.7520598245793
85.977098432155
86.1550648004407
87.6498357310971
86.231217360591
86.4158854438156
85.5668544152332
85.3680455897674
86.9721150895626
86.6405451190409
85.0036614546045
86.3802679132607
84.7386327498473
84.5140026565561
84.1618893886254
84.1184310042905
83.3534587436032
84.6362512198302
83.7017495728984
82.6147360094173
81.4734893424927
83.2633517210883
83.7176372720616
82.8421750270596
83.6575695140063
84.8770343745372
84.1085704435621
83.7761699998394
82.9486246860623
84.5722046251993
83.1859373892716
83.4577319571327
82.8262844905418
82.9506833039983
81.8000501973738
82.7994508422612
83.1191082207269
81.4421374188853
83.3827200387722
84.364749511589
82.4604423480238
80.973963084663
82.1163769852653
81.7255625398503
82.1184563118012
81.2297814702067
83.1942894749706
83.4654225276682
84.3724517760401
84.1806767013325
84.3941702723567
83.5310118620294
84.1103078995724
82.7401133341292
84.5896170083536
83.7673426901102
81.657734519765
81.6084401227079
81.3176197049398
81.9248435049443
81.6000983802597
80.9577697464899
80.681586318376
82.2464735902469
83.1238846679802
82.4205372101825
81.9976338389482
82.8542292821636
81.6160044224246
82.9798736320654
82.3164024942949
81.9486766101698
83.8783636963554
83.5257675349541
82.8468491925847
83.017116020882
82.5091261966645
82.7276690251002
82.7003314360483
83.5714634131433
83.5182972455413
